framenumber, query_x, query_y, objx, objy, distance, 
1, 77.712191, 113.269570, 152.871934, 18.950441, 0.379678, 
1, 77.712191, 113.269570, 54.986526, 108.683032, 0.230761, 
1, 61.641293, 78.736522, 11.894969, 61.585410, 0.170405, 
1, 87.390647, 7.900366, 14.916577, 102.407863, 0.495042, 
1, 102.096829, 73.007655, 99.694960, 29.572991, 0.159985, 
1, 110.977945, 48.764218, 54.986526, 108.683032, 0.298732, 
1, 44.460079, 95.922907, 53.040698, 99.879253, 0.166025, 
1, 61.947110, 68.751222, 70.098997, 72.664761, 0.081374, 
1, 122.542920, 30.941977, 54.986526, 108.683032, 0.397015, 
1, 53.034474, 68.312161, 30.265156, 69.873782, 0.206440, 
1, 111.918548, 53.692686, 153.027299, 111.021655, 0.324910, 
1, 29.233897, 74.332806, 60.266469, 79.761558, 0.128379, 
1, 51.657839, 75.453197, 60.266469, 79.761558, 0.066220, 
1, 51.657839, 75.453197, 60.266469, 79.761558, 0.054626, 
2, 42.045288, 52.376585, 86.591814, 92.224596, 0.165764, 
2, 96.879920, 26.944522, 86.591814, 92.224596, 0.178862, 
2, 66.256038, 38.982088, 76.664270, 70.501764, 0.371317, 
2, 144.570170, 9.231390, 64.212307, 99.281629, 0.393994, 
2, 62.616267, 73.606972, 71.203168, 77.625345, 0.167136, 
2, 75.333612, 61.765553, 153.265232, 111.012287, 0.288797, 
2, 108.915447, 33.094290, 99.643601, 29.547922, 0.251017, 
2, 44.087764, 95.839121, 53.278550, 99.893593, 0.159512, 
2, 61.813361, 68.696435, 69.786824, 72.659105, 0.075628, 
2, 123.436067, 31.446229, 55.182305, 108.670265, 0.486027, 
2, 145.812270, 22.303868, 153.265232, 111.012287, 0.201982, 
2, 29.040158, 74.352228, 60.149472, 79.758941, 0.123044, 
2, 51.380364, 75.403183, 60.149472, 79.758941, 0.052924, 
2, 51.380364, 75.403183, 60.149472, 79.758941, 0.048103, 
3, 41.964142, 52.376578, 86.769454, 92.177270, 0.155342, 
3, 58.526203, 91.658683, 67.719490, 96.064031, 0.137557, 
3, 84.906821, 91.630452, 99.690807, 29.569070, 0.199990, 
3, 116.071421, 109.404419, 76.045167, 36.055437, 0.244774, 
3, 18.487578, 82.567350, 88.270596, 66.856189, 0.208823, 
3, 62.512963, 73.586966, 71.407519, 77.610622, 0.198799, 
3, 108.510700, 34.320476, 99.690807, 29.569070, 0.196219, 
3, 61.694506, 68.770197, 69.658342, 72.640315, 0.068748, 
3, 112.366139, 54.352601, 153.524274, 110.995762, 0.340411, 
3, 25.311939, 67.042922, 69.658342, 72.640315, 0.184450, 
3, 102.758016, 75.317791, 99.690807, 29.569070, 0.247559, 
3, 109.120714, 34.303622, 99.690807, 29.569070, 0.281550, 
3, 145.697559, 22.377731, 153.524274, 110.995762, 0.220231, 
3, 28.698335, 74.348848, 60.312325, 79.756404, 0.123060, 
3, 51.298040, 75.396829, 60.312325, 79.756404, 0.048067, 
3, 51.298040, 75.396829, 60.312325, 79.756404, 0.049496, 
4, 41.963766, 52.373009, 86.752978, 92.197080, 0.159950, 
4, 89.950718, 84.501888, 62.476158, 77.049512, 0.269136, 
4, 101.256466, 29.080520, 58.919385, 43.394146, 0.216525, 
4, 109.470033, 95.674826, 153.387726, 110.972901, 0.441434, 
4, 18.520418, 82.597558, 88.270932, 66.856602, 0.206024, 
4, 139.531775, 77.149128, 140.460081, 86.800438, 0.284863, 
4, 61.351553, 68.595323, 69.782840, 72.649052, 0.075085, 
4, 28.066551, 74.341173, 60.337118, 79.749664, 0.113233, 
4, 50.696800, 75.344192, 60.337118, 79.749664, 0.041987, 
4, 50.696800, 75.344192, 60.337118, 79.749664, 0.052486, 
4, 28.427328, 75.887353, 37.423145, 80.711899, 0.071047, 
5, 95.008124, 79.028640, 62.488085, 77.048251, 0.250579, 
5, 144.091373, 52.477963, 99.115274, 96.479582, 0.368406, 
5, 58.497074, 91.367657, 67.860403, 96.070806, 0.130625, 
5, 84.711738, 91.259415, 99.782648, 29.563526, 0.166474, 
5, 89.650285, 31.987234, 63.932818, 40.098989, 0.286019, 
5, 92.885567, 33.968422, 59.881926, 27.816008, 0.385387, 
5, 18.515938, 82.589647, 88.270532, 66.855469, 0.201890, 
5, 74.913438, 61.747645, 145.694212, 23.383776, 0.452683, 
5, 61.561757, 68.735982, 69.851367, 72.646117, 0.059800, 
5, 68.783712, 96.887591, 63.932818, 40.098989, 0.270372, 
5, 24.966518, 67.014184, 69.851367, 72.646117, 0.182963, 
5, 33.556959, 49.817750, 49.374021, 54.768100, 0.098720, 
5, 27.209400, 74.206949, 60.359585, 79.748079, 0.121055, 
5, 50.987296, 75.377225, 60.359585, 79.748079, 0.032643, 
5, 50.987296, 75.377225, 60.359585, 79.748079, 0.045548, 
5, 27.982533, 76.201197, 37.524814, 80.738560, 0.054696, 
6, 67.612274, 71.471104, 71.182181, 25.047880, 0.479468, 
6, 99.099565, 75.002434, 109.706999, 29.363060, 0.275538, 
6, 112.256648, 70.022922, 127.066958, 82.061513, 0.217532, 
6, 15.504970, 67.442029, 24.113016, 71.193290, 0.245377, 
6, 61.421197, 51.628861, 59.480295, 43.400962, 0.240019, 
6, 39.493126, 68.499523, 47.276407, 73.255636, 0.273943, 
6, 79.852161, 33.781786, 153.714978, 83.242352, 0.107484, 
6, 86.640169, 8.147678, 121.991831, 112.008271, 0.489745, 
6, 124.260355, 60.024640, 136.145835, 62.776941, 0.206566, 
6, 43.558131, 96.006329, 53.110331, 99.651870, 0.164308, 
6, 73.465935, 29.213216, 150.448808, 75.065661, 0.388004, 
6, 33.437792, 49.740365, 28.073138, 52.282194, 0.105293, 
6, 60.398165, 68.696227, 70.224123, 71.661344, 0.079212, 
6, 93.061911, 27.955921, 13.002748, 94.357636, 0.468510, 
6, 61.005512, 84.609342, 70.962542, 89.437460, 0.126501, 
6, 27.342785, 74.076863, 61.350932, 79.029427, 0.167829, 
6, 37.452821, 88.212361, 46.244675, 93.158469, 0.120716, 
6, 50.303090, 75.510911, 61.350932, 79.029427, 0.059865, 
6, 50.303090, 75.510911, 61.350932, 79.029427, 0.039218, 
6, 144.047335, 79.934149, 134.149119, 100.177010, 0.402530, 
6, 27.533508, 75.845376, 38.285685, 80.180015, 0.038194, 
7, 112.256789, 70.022961, 127.078730, 82.062038, 0.215183, 
7, 15.504970, 67.442029, 24.112926, 71.193306, 0.243026, 
7, 99.683754, 65.010680, 149.434028, 92.586767, 0.217096, 
7, 57.042526, 20.376543, 83.595675, 34.766289, 0.316355, 
7, 124.091992, 60.027504, 135.552327, 62.593153, 0.137414, 
7, 43.558131, 96.006329, 53.110282, 99.651864, 0.164929, 
7, 52.084042, 40.023090, 100.095788, 45.676237, 0.233901, 
7, 60.398165, 68.696227, 70.267309, 71.690251, 0.074376, 
7, 93.114791, 27.878011, 13.002748, 94.357636, 0.418639, 
7, 61.005512, 84.609342, 70.962554, 89.437503, 0.126367, 
7, 27.342785, 74.076863, 61.456329, 79.111887, 0.164568, 
7, 37.452821, 88.212361, 46.244686, 93.158460, 0.120374, 
7, 50.303090, 75.510911, 61.456329, 79.111887, 0.056706, 
7, 50.303090, 75.510911, 61.456329, 79.111887, 0.040893, 
7, 27.533599, 75.845467, 38.305354, 80.186025, 0.038574, 
8, 77.671329, 54.684967, 122.985162, 38.079468, 0.530281, 
8, 100.658926, 98.840335, 96.345846, 69.771977, 0.270642, 
8, 82.992936, 45.263064, 78.911144, 90.902478, 0.323408, 
8, 115.864275, 78.943972, 127.663505, 81.903826, 0.231559, 
8, 136.109954, 102.815849, 92.010991, 74.342752, 0.212542, 
8, 55.131238, 88.326018, 65.646694, 92.474455, 0.138197, 
8, 109.055340, 95.077369, 122.985162, 38.079468, 0.372762, 
8, 83.376450, 17.457297, 122.985162, 38.079468, 0.536247, 
8, 84.197716, 87.872183, 148.459750, 72.481401, 0.048102, 
8, 43.856431, 29.597324, 51.086177, 31.470201, 0.337260, 
8, 73.330659, 75.532109, 132.848095, 108.355942, 0.397693, 
8, 82.009223, 74.947651, 148.459750, 72.481401, 0.108099, 
8, 84.848799, 100.333944, 142.993460, 98.215453, 0.233510, 
8, 105.592863, 33.278525, 145.512753, 78.940067, 0.259794, 
8, 58.355675, 74.234747, 69.026434, 77.212250, 0.058295, 
8, 39.554146, 68.796201, 49.926750, 72.893057, 0.125859, 
8, 42.975124, 96.117365, 53.003697, 99.466122, 0.189478, 
8, 60.062848, 69.212400, 69.818852, 71.873358, 0.032502, 
8, 60.715664, 46.601600, 70.445166, 49.260040, 0.095213, 
8, 103.150623, 59.388663, 148.459750, 72.481401, 0.073822, 
8, 29.342233, 43.666321, 91.119520, 94.357207, 0.243423, 
8, 33.371811, 18.722876, 41.010883, 21.503045, 0.193003, 
8, 37.980536, 88.897977, 46.143125, 92.662007, 0.166423, 
8, 50.009526, 75.781407, 61.833922, 78.784881, 0.063883, 
8, 50.009526, 75.781407, 61.833922, 78.784881, 0.061634, 
8, 137.534113, 61.293528, 105.031663, 64.794131, 0.126411, 
9, 81.453772, 93.677293, 122.391864, 38.045765, 0.407229, 
9, 99.715212, 64.710528, 147.331719, 70.322550, 0.059109, 
9, 107.879270, 54.942760, 122.391864, 38.045765, 0.463336, 
9, 99.017185, 58.689783, 147.331719, 70.322550, 0.125065, 
9, 136.110066, 102.815768, 92.010991, 74.342752, 0.214732, 
9, 55.131238, 88.326018, 65.646694, 92.474455, 0.138197, 
9, 74.927697, 35.590280, 122.391864, 38.045765, 0.292210, 
9, 43.856431, 29.597324, 51.086177, 31.470201, 0.337260, 
9, 84.838893, 100.312832, 138.862545, 99.465570, 0.268905, 
9, 58.355675, 74.234747, 69.026434, 77.212250, 0.058295, 
9, 39.554146, 68.796201, 49.926750, 72.893057, 0.125537, 
9, 42.975124, 96.117365, 53.003697, 99.466122, 0.189477, 
9, 60.062849, 69.212400, 69.818852, 71.873358, 0.032530, 
9, 29.342233, 43.666321, 91.119520, 94.357207, 0.243474, 
9, 33.371811, 18.722876, 41.010883, 21.503045, 0.193003, 
9, 37.980533, 88.897976, 46.143125, 92.662007, 0.166397, 
9, 50.009526, 75.781407, 61.833922, 78.784881, 0.063887, 
9, 50.009526, 75.781407, 61.833922, 78.784881, 0.061635, 
9, 137.534117, 61.293530, 105.031329, 64.794315, 0.149618, 
10, 52.777069, 37.771672, 54.452777, 99.857637, 0.263839, 
10, 77.796035, 54.605852, 122.369133, 37.818266, 0.233848, 
10, 40.136232, 34.471336, 49.321031, 37.558134, 0.350992, 
10, 55.066254, 88.143065, 65.518854, 92.341295, 0.269839, 
10, 130.589204, 102.398513, 153.084353, 27.424586, 0.329638, 
10, 109.292392, 95.057651, 122.369133, 37.818266, 0.193500, 
10, 15.754782, 71.459343, 25.061862, 74.896045, 0.164369, 
10, 104.450172, 38.327667, 137.921757, 78.704262, 0.074531, 
10, 24.527735, 81.474579, 34.074382, 85.169870, 0.244984, 
10, 60.896635, 84.418126, 71.290581, 88.481386, 0.193403, 
10, 39.590138, 68.785324, 92.190743, 74.133350, 0.177821, 
10, 42.977891, 95.988378, 54.452777, 99.857637, 0.226016, 
10, 73.995281, 52.995720, 137.134601, 58.225534, 0.198506, 
10, 59.976409, 69.156477, 70.069543, 71.811686, 0.043815, 
10, 27.564825, 74.249258, 38.282046, 77.941146, 0.178930, 
10, 33.545237, 18.759329, 42.190456, 20.781981, 0.119047, 
10, 37.076840, 76.238121, 47.093535, 79.869132, 0.053645, 
10, 122.702168, 35.802232, 137.134601, 58.225534, 0.509600, 
10, 49.052612, 57.845001, 60.349026, 60.935923, 0.052233, 
11, 99.602571, 64.912356, 136.949965, 76.222300, 0.021187, 
11, 12.762848, 48.954848, 91.061263, 55.292360, 0.258552, 
11, 143.230353, 57.429070, 139.114918, 69.064472, 0.164329, 
11, 109.290966, 95.053027, 120.915552, 37.807321, 0.197753, 
11, 80.541504, 34.280886, 132.907026, 83.013709, 0.149816, 
11, 81.009632, 43.436595, 133.912031, 77.413169, 0.085263, 
11, 102.678039, 28.601293, 132.907026, 83.013709, 0.238898, 
11, 25.939332, 24.553069, 33.397741, 25.224178, 0.120600, 
11, 84.918453, 100.505054, 136.111140, 102.848831, 0.158077, 
11, 24.511284, 81.496509, 34.074382, 85.169870, 0.227328, 
11, 60.887362, 84.406137, 71.290581, 88.481386, 0.173500, 
11, 39.592841, 68.696345, 92.190595, 74.133351, 0.178309, 
11, 40.896677, 34.939315, 49.321031, 37.558134, 0.412433, 
11, 42.967501, 95.929698, 54.452777, 99.857637, 0.229430, 
11, 59.840726, 69.189224, 70.069543, 71.811686, 0.055378, 
11, 116.631135, 38.536303, 37.992861, 109.614050, 0.423376, 
11, 27.360136, 74.008903, 38.282046, 77.941146, 0.203933, 
11, 144.475129, 23.434235, 124.903512, 68.757064, 0.339844, 
11, 97.834646, 22.861455, 146.453983, 17.448645, 0.320090, 
11, 37.294597, 76.428461, 47.093535, 79.869132, 0.053191, 
11, 47.282635, 88.191355, 151.694401, 63.443667, 0.168057, 
11, 77.740612, 61.209448, 132.952150, 91.879684, 0.185011, 
11, 105.891634, 48.737249, 136.111140, 102.848831, 0.214991, 
12, 99.569177, 64.953778, 147.962507, 65.492189, 0.157917, 
12, 46.546145, 79.954341, 56.096202, 83.122443, 0.198959, 
12, 136.143886, 102.665245, 92.131904, 74.023202, 0.218595, 
12, 24.847682, 68.446432, 32.023537, 71.298745, 0.219555, 
12, 31.200173, 95.488159, 82.288453, 91.075811, 0.274271, 
12, 59.076521, 51.857232, 49.492774, 54.141374, 0.219095, 
12, 108.790380, 95.487379, 120.158664, 38.119701, 0.190064, 
12, 75.119815, 35.647212, 120.158664, 38.119701, 0.519251, 
12, 25.896729, 24.691512, 33.550353, 25.517438, 0.112291, 
12, 52.671666, 24.958234, 61.970496, 26.878127, 0.255825, 
12, 84.915182, 100.485952, 136.267094, 103.529242, 0.257235, 
12, 102.334353, 65.940415, 132.569706, 70.767514, 0.071988, 
12, 58.047470, 74.199153, 68.692470, 77.416626, 0.126308, 
12, 60.887943, 84.409690, 71.344373, 88.498625, 0.199711, 
12, 81.304574, 75.032106, 130.108377, 93.110068, 0.187881, 
12, 42.910067, 95.984125, 54.086992, 99.649269, 0.165447, 
12, 73.981627, 52.937360, 124.634445, 56.672661, 0.479209, 
12, 59.821024, 69.199917, 70.677336, 71.910394, 0.039419, 
12, 92.939571, 41.811307, 65.689562, 97.721055, 0.551850, 
12, 50.112453, 75.626117, 61.224112, 78.592607, 0.036007, 
12, 50.112453, 75.626117, 61.224112, 78.592607, 0.042750, 
12, 138.052986, 61.234065, 14.411257, 57.903233, 0.171908, 
12, 37.271268, 76.104432, 47.020443, 79.671353, 0.043679, 
12, 48.273717, 57.551249, 60.162946, 60.890500, 0.079611, 
12, 97.309994, 21.807976, 141.400307, 18.683836, 0.298500, 
12, 31.364915, 57.678499, 60.162946, 60.890500, 0.148108, 
12, 48.529628, 57.745676, 60.162946, 60.890500, 0.068821, 
12, 77.751771, 61.105285, 129.832282, 65.493890, 0.184602, 
12, 108.460492, 62.044067, 129.832282, 65.493890, 0.167492, 
13, 99.536302, 64.999861, 132.517414, 60.266484, 0.143091, 
13, 46.660453, 79.977430, 56.307176, 83.473150, 0.160181, 
13, 136.326046, 102.614156, 91.789764, 73.935374, 0.216072, 
13, 31.197853, 95.491275, 81.927684, 91.117765, 0.265672, 
13, 108.190728, 96.057076, 119.566440, 39.068730, 0.221578, 
13, 102.349462, 65.901753, 129.507955, 92.391181, 0.090770, 
13, 51.019928, 47.344097, 20.453053, 49.440816, 0.190747, 
13, 58.033616, 74.207231, 69.042174, 77.369515, 0.133364, 
13, 42.859467, 95.940292, 53.227240, 99.267141, 0.180077, 
13, 59.801349, 69.208000, 70.744840, 71.834056, 0.037920, 
13, 50.623210, 75.555538, 60.536898, 78.778728, 0.048991, 
13, 48.013175, 57.684484, 60.065040, 60.851677, 0.090675, 
13, 108.632601, 62.266598, 143.942512, 32.360158, 0.273697, 
14, 99.542508, 64.971851, 139.462535, 53.422802, 0.043059, 
14, 46.552224, 79.935711, 56.419570, 83.413852, 0.164122, 
14, 31.170669, 95.133831, 81.927837, 91.117871, 0.260658, 
14, 59.215376, 51.884219, 69.474027, 54.075576, 0.069420, 
14, 78.241236, 94.018217, 146.844378, 54.875326, 0.080640, 
14, 79.969189, 33.888592, 124.409245, 86.127725, 0.045710, 
14, 106.408387, 41.906594, 124.409245, 86.127725, 0.132625, 
14, 142.171964, 49.207393, 113.875548, 68.631904, 0.271292, 
14, 25.756428, 25.058364, 33.497565, 25.523684, 0.198797, 
14, 127.610130, 105.042195, 99.602215, 77.947946, 0.223091, 
14, 42.941432, 95.870051, 53.133908, 99.215183, 0.180063, 
14, 60.025114, 69.220563, 70.700151, 71.832325, 0.051876, 
14, 68.732760, 52.476750, 112.677540, 55.726777, 0.463894, 
14, 100.470376, 41.692455, 134.196611, 102.694432, 0.258809, 
14, 144.625259, 23.597797, 120.993860, 98.349024, 0.400204, 
14, 50.125937, 75.533486, 62.362873, 78.657485, 0.053166, 
14, 50.125937, 75.533486, 62.362873, 78.657485, 0.064322, 
14, 37.038049, 76.037195, 46.732449, 79.491498, 0.031965, 
14, 50.173753, 75.416075, 62.362873, 78.657485, 0.066723, 
14, 50.173753, 75.416075, 62.362873, 78.657485, 0.077862, 
14, 121.432480, 36.048873, 112.677540, 55.726777, 0.457514, 
14, 56.867564, 35.337526, 112.677540, 55.726777, 0.596331, 
14, 31.487402, 57.700636, 60.689217, 60.714409, 0.147614, 
14, 31.487402, 57.700636, 60.689217, 60.714409, 0.174353, 
14, 47.663015, 57.724515, 60.689217, 60.714409, 0.070352, 
14, 77.670722, 60.958570, 128.098532, 92.745339, 0.137020, 
15, 80.530537, 42.118734, 86.948202, 90.745619, 0.172851, 
15, 56.763871, 17.604716, 65.594725, 19.114594, 0.327198, 
15, 136.376815, 102.831465, 93.589435, 74.280373, 0.150684, 
15, 36.092383, 63.290266, 45.910719, 66.335863, 0.314837, 
15, 94.013160, 11.241054, 135.071904, 26.252252, 0.456087, 
15, 20.200084, 71.788911, 29.815006, 75.107728, 0.195442, 
15, 30.827893, 50.169053, 41.425099, 52.631189, 0.107157, 
15, 42.852052, 95.907990, 53.151585, 99.204600, 0.177837, 
15, 60.191584, 69.516521, 70.639553, 71.711269, 0.146363, 
15, 87.931095, 103.722524, 119.923387, 48.639724, 0.428682, 
15, 27.326604, 73.923269, 99.820152, 77.846725, 0.220746, 
15, 60.870082, 46.576423, 51.407272, 47.516615, 0.176345, 
15, 47.975583, 57.501735, 61.212651, 60.717114, 0.058199, 
15, 97.414844, 21.656786, 129.253656, 16.675953, 0.365690, 
15, 31.444732, 57.697534, 61.212651, 60.717114, 0.169925, 
15, 48.535913, 57.728430, 61.212651, 60.717114, 0.069492, 
16, 56.303456, 97.548712, 67.465095, 100.698075, 0.269496, 
16, 46.281140, 80.038291, 56.884455, 83.767638, 0.125017, 
16, 48.926475, 89.031794, 59.590773, 92.613273, 0.242638, 
16, 70.172884, 87.575464, 80.618699, 90.817220, 0.097490, 
16, 75.263435, 55.861410, 112.439273, 56.015397, 0.332350, 
16, 38.879829, 71.994321, 48.718113, 75.089684, 0.137678, 
16, 83.177044, 18.460928, 143.491475, 38.934894, 0.385168, 
16, 25.876868, 24.630278, 33.672596, 25.560663, 0.205765, 
16, 52.649509, 24.982656, 61.980005, 27.077033, 0.317617, 
16, 91.927791, 75.192321, 127.901940, 93.060896, 0.228857, 
16, 94.071228, 11.399197, 136.781403, 110.447774, 0.459911, 
16, 95.461468, 12.374065, 136.781403, 110.447774, 0.345605, 
16, 19.598038, 71.913478, 30.109701, 75.177359, 0.140687, 
16, 40.120276, 89.590108, 51.392438, 93.045403, 0.124637, 
16, 52.126827, 10.570911, 69.405889, 49.188757, 0.293667, 
16, 60.915792, 84.057251, 71.567197, 88.580202, 0.199960, 
16, 81.282432, 75.309548, 116.108545, 88.949411, 0.133800, 
16, 35.847924, 49.862888, 41.598651, 52.916497, 0.129068, 
16, 43.122206, 95.794364, 53.355570, 99.278012, 0.189785, 
16, 60.126680, 69.260591, 70.760533, 71.858352, 0.065570, 
16, 81.650224, 83.527605, 116.108545, 88.949411, 0.121873, 
16, 103.090610, 87.158925, 116.108545, 88.949411, 0.135918, 
16, 50.700501, 75.569055, 60.927394, 78.703556, 0.035086, 
16, 52.260266, 58.351871, 59.798538, 60.583608, 0.321571, 
16, 52.260266, 58.351871, 59.798538, 60.583608, 0.347322, 
17, 46.252318, 80.055506, 56.793017, 83.759423, 0.106490, 
17, 56.923880, 17.515141, 65.737460, 19.754308, 0.269822, 
17, 61.509622, 42.405840, 70.788005, 45.005884, 0.123123, 
17, 67.839055, 107.100102, 82.158858, 110.999349, 0.197406, 
17, 48.928979, 89.021847, 59.581206, 92.654843, 0.214403, 
17, 58.217378, 52.569698, 69.359193, 54.018326, 0.142953, 
17, 70.004448, 87.408603, 80.731538, 90.845682, 0.105033, 
17, 38.879829, 71.994321, 48.895118, 75.058457, 0.106766, 
17, 79.819878, 34.245961, 131.897554, 42.867755, 0.175090, 
17, 52.654026, 24.983137, 61.641810, 27.156584, 0.316382, 
17, 95.468742, 12.450087, 103.630224, 106.798611, 0.484176, 
17, 102.563056, 66.186770, 131.897554, 42.867755, 0.199983, 
17, 19.598038, 71.913478, 30.467622, 75.291978, 0.170818, 
17, 40.120268, 89.590117, 51.482098, 93.013027, 0.123004, 
17, 52.140052, 10.576601, 69.534545, 49.248786, 0.301330, 
17, 81.303158, 75.330432, 109.137659, 85.115232, 0.093582, 
17, 91.972764, 81.333575, 15.868617, 101.876702, 0.350413, 
17, 39.793824, 68.925818, 50.394183, 72.167734, 0.057519, 
17, 43.089583, 95.796167, 53.356215, 99.295150, 0.195840, 
17, 59.924960, 69.238178, 70.794875, 71.912247, 0.059886, 
17, 28.031598, 73.857367, 60.510029, 78.707767, 0.162306, 
17, 108.314812, 45.039888, 131.897554, 42.867755, 0.289100, 
17, 137.665931, 61.262446, 16.273500, 57.318181, 0.167059, 
17, 37.379530, 76.255543, 60.510029, 78.707767, 0.201195, 
17, 37.379530, 76.255543, 60.510029, 78.707767, 0.179994, 
17, 50.999340, 75.744029, 60.510029, 78.707767, 0.049731, 
17, 91.106833, 65.948515, 119.894887, 70.128341, 0.257791, 
18, 26.016383, 88.433023, 35.271412, 91.227425, 0.215230, 
18, 56.632155, 98.209565, 67.538948, 101.279570, 0.168680, 
18, 48.225748, 51.561793, 57.293030, 53.590742, 0.184439, 
18, 59.296168, 93.168452, 70.577374, 96.111792, 0.111921, 
18, 69.786349, 87.966607, 80.945857, 90.699288, 0.090445, 
18, 38.865266, 72.320594, 49.042729, 75.020828, 0.122942, 
18, 17.706646, 79.813796, 51.975775, 105.065075, 0.277935, 
18, 35.815694, 86.558614, 46.184885, 66.376191, 0.387250, 
18, 40.245212, 90.270347, 51.819554, 93.271744, 0.189462, 
18, 60.431647, 69.504199, 70.805562, 71.539762, 0.121733, 
18, 42.455405, 95.979830, 54.363930, 99.275007, 0.251915, 
18, 144.494657, 56.043005, 86.857593, 55.159962, 0.219737, 
18, 55.720418, 57.215348, 37.108874, 59.088924, 0.200418, 
18, 60.319210, 85.414061, 71.739114, 88.513108, 0.119374, 
19, 59.106192, 106.632695, 70.586407, 109.246505, 0.258659, 
19, 79.410526, 58.575008, 34.967669, 75.554919, 0.412374, 
19, 12.858055, 68.743645, 22.069239, 71.461524, 0.113142, 
19, 26.016383, 88.433026, 35.014340, 91.190754, 0.137648, 
19, 31.262444, 69.619691, 40.740003, 72.871913, 0.220600, 
19, 56.632155, 98.209565, 67.608494, 101.265477, 0.175668, 
19, 48.225748, 51.561793, 57.398441, 53.525303, 0.152708, 
19, 59.296168, 93.168452, 70.580157, 95.962120, 0.133626, 
19, 69.786349, 87.966607, 81.302300, 90.914786, 0.226133, 
19, 38.865266, 72.320594, 49.111333, 75.040567, 0.166054, 
19, 46.276458, 100.628940, 58.584708, 103.556545, 0.262291, 
19, 35.815694, 86.558614, 46.227688, 66.188574, 0.358726, 
19, 38.292410, 46.143763, 70.233349, 48.950160, 0.205536, 
19, 130.913506, 106.669527, 144.997633, 109.404956, 0.259357, 
19, 40.245212, 90.270347, 52.087302, 93.568411, 0.244697, 
19, 113.330422, 66.550402, 81.695960, 62.441647, 0.319762, 
19, 127.533170, 105.335431, 60.996007, 78.481415, 0.274382, 
19, 60.431604, 69.504281, 70.700429, 71.470160, 0.125361, 
19, 98.522156, 96.850324, 133.457192, 98.033267, 0.358351, 
19, 144.494657, 56.043005, 86.864028, 54.628961, 0.206752, 
19, 101.588270, 54.161430, 117.240991, 58.421621, 0.190766, 
19, 55.720418, 57.215348, 61.269529, 60.696282, 0.253846, 
19, 138.105746, 61.865925, 81.695960, 62.441647, 0.183715, 
19, 28.869580, 57.513273, 37.616299, 59.564573, 0.059537, 
20, 61.276467, 70.999548, 71.404022, 72.974070, 0.102095, 
20, 81.202929, 94.091916, 87.520270, 90.728900, 0.234781, 
20, 12.850647, 68.722603, 21.960727, 71.429307, 0.136811, 
20, 31.262086, 69.706592, 40.837488, 72.650616, 0.204008, 
20, 47.857892, 51.301889, 57.418461, 53.406345, 0.150496, 
20, 55.948598, 51.830425, 68.044131, 53.585367, 0.116092, 
20, 59.289010, 93.175314, 70.358719, 95.522008, 0.119494, 
20, 116.093997, 108.311175, 140.015230, 111.677755, 0.246956, 
20, 46.160404, 100.636511, 58.792500, 103.493209, 0.304909, 
20, 46.160404, 100.636511, 58.792500, 103.493209, 0.302776, 
20, 98.416609, 109.117579, 107.581289, 12.579443, 0.237293, 
20, 11.725599, 56.606009, 41.612326, 60.240315, 0.190436, 
20, 17.933831, 79.865327, 51.961698, 104.705187, 0.291528, 
20, 25.514634, 81.069014, 19.473657, 18.318374, 0.368621, 
20, 20.087370, 72.277093, 30.820722, 75.052102, 0.077355, 
20, 40.068521, 90.336468, 51.387871, 92.832441, 0.221156, 
20, 133.572123, 84.919609, 19.473657, 18.318374, 0.355167, 
20, 16.238769, 67.677846, 25.561579, 70.533054, 0.069474, 
20, 42.483483, 95.966201, 53.258888, 98.998718, 0.193240, 
20, 60.184354, 69.367841, 70.577584, 71.469570, 0.108567, 
20, 60.831126, 46.911316, 70.673254, 48.659799, 0.053305, 
20, 51.451098, 75.900344, 62.060726, 78.377005, 0.041728, 
20, 28.702616, 56.774049, 38.677077, 59.342815, 0.083181, 
20, 121.380386, 37.083542, 134.607641, 37.500702, 0.309344, 
20, 121.380386, 37.083542, 119.027585, 15.414109, 0.244298, 
20, 28.702497, 57.477787, 38.677077, 59.342815, 0.048882, 
21, 61.269113, 71.002265, 71.407193, 73.094055, 0.067747, 
21, 81.171196, 94.007758, 92.063627, 55.542021, 0.263100, 
21, 99.459561, 88.585340, 98.461419, 92.545838, 0.042250, 
21, 12.850647, 68.722603, 22.006577, 71.411270, 0.130656, 
21, 47.857892, 51.301889, 57.406536, 53.305571, 0.216126, 
21, 59.289010, 93.175314, 70.241745, 95.101499, 0.088316, 
21, 61.647672, 47.778146, 132.173598, 19.068154, 0.301735, 
21, 20.087370, 72.277093, 30.519459, 74.904816, 0.068111, 
21, 28.532941, 72.541788, 38.160968, 74.705950, 0.049511, 
21, 16.238769, 67.677846, 25.574534, 70.405290, 0.090551, 
21, 42.483484, 95.966202, 53.360453, 98.775039, 0.193850, 
21, 60.182509, 69.365253, 70.421938, 71.465569, 0.188248, 
21, 60.889342, 46.894667, 70.779421, 48.614644, 0.117409, 
21, 81.688648, 83.931973, 111.563306, 92.189457, 0.134270, 
21, 36.350001, 88.787434, 49.964283, 20.894011, 0.195209, 
21, 51.453191, 75.900165, 48.320849, 79.050601, 0.198994, 
21, 28.702616, 56.774049, 39.553456, 58.965083, 0.051455, 
21, 28.702616, 56.774049, 39.553456, 58.965083, 0.035364, 
21, 38.193743, 76.712504, 48.320849, 79.050601, 0.027129, 
21, 121.363291, 37.026000, 86.050424, 55.142652, 0.421693, 
22, 108.234891, 113.217518, 70.888396, 37.761584, 0.420015, 
22, 108.234891, 113.217518, 88.296535, 24.346162, 0.355752, 
22, 132.342887, 56.954237, 143.137144, 56.980427, 0.179226, 
22, 59.276010, 93.147809, 70.232886, 95.120644, 0.055149, 
22, 84.283684, 28.528572, 107.936131, 52.042402, 0.083130, 
22, 102.166488, 90.876633, 116.333919, 87.789283, 0.114534, 
22, 25.579976, 80.927278, 35.830603, 83.381682, 0.172127, 
22, 80.349821, 67.792919, 89.018587, 70.418110, 0.115177, 
22, 11.902297, 82.386066, 19.645292, 85.062871, 0.199287, 
22, 20.025118, 72.333844, 30.402550, 74.735742, 0.051791, 
22, 28.531354, 72.737806, 38.134491, 75.121956, 0.048676, 
22, 38.011086, 45.719459, 46.256844, 47.301907, 0.244570, 
22, 81.057757, 75.185888, 116.333919, 87.789283, 0.065794, 
22, 16.277259, 67.846218, 25.399420, 70.341323, 0.072425, 
22, 18.724420, 40.947609, 27.312164, 42.360218, 0.288824, 
22, 24.477199, 68.380669, 34.174934, 70.858274, 0.033217, 
22, 42.515721, 95.971014, 54.307557, 98.771443, 0.247227, 
22, 28.257135, 73.973381, 38.134491, 75.121956, 0.205622, 
22, 35.581388, 56.830711, 38.652504, 59.012201, 0.130609, 
22, 51.131952, 75.858191, 62.122848, 78.190907, 0.064613, 
22, 38.072117, 76.682227, 48.414787, 79.004294, 0.018227, 
22, 137.600396, 61.501093, 61.330313, 59.709328, 0.233889, 
22, 46.044926, 90.661168, 35.802990, 92.435453, 0.176381, 
23, 83.081282, 31.593240, 101.687964, 47.791625, 0.113671, 
23, 108.245168, 113.220841, 12.665454, 111.429127, 0.282704, 
23, 12.647662, 68.831510, 21.905191, 71.046735, 0.134408, 
23, 133.652921, 91.052487, 129.612308, 88.575646, 0.354586, 
23, 40.445372, 69.426113, 50.298399, 71.183625, 0.093706, 
23, 59.272295, 93.148288, 70.332451, 95.240372, 0.048926, 
23, 116.155195, 108.334384, 138.222006, 111.094139, 0.195001, 
23, 121.630576, 108.498116, 138.222006, 111.094139, 0.191805, 
23, 81.413369, 76.225522, 108.585536, 88.434370, 0.054958, 
23, 110.630439, 99.168930, 16.220252, 100.753074, 0.358089, 
23, 25.992009, 24.210179, 32.863959, 22.173011, 0.253459, 
23, 36.611985, 58.347006, 16.242326, 56.698432, 0.230092, 
23, 111.916339, 111.731375, 12.665454, 111.429127, 0.335413, 
23, 28.458404, 72.714302, 37.974712, 75.889339, 0.173656, 
23, 37.832755, 45.549250, 46.504996, 47.071691, 0.254087, 
23, 40.094264, 90.292815, 51.737066, 91.998185, 0.216223, 
23, 93.825431, 11.856436, 115.996359, 100.332770, 0.193533, 
23, 108.648648, 44.746884, 88.064740, 35.873671, 0.203804, 
23, 24.452259, 68.489931, 35.047549, 70.760308, 0.059826, 
23, 28.277775, 105.086533, 138.222006, 111.094139, 0.248359, 
23, 42.514103, 96.046330, 54.232602, 98.613644, 0.130744, 
23, 131.875468, 55.940495, 143.929323, 56.902687, 0.066347, 
23, 32.293878, 50.238582, 40.637853, 52.843483, 0.115583, 
23, 28.348420, 73.532918, 37.974712, 75.889339, 0.052703, 
23, 60.919810, 46.842939, 71.078737, 48.138594, 0.176785, 
23, 66.001691, 59.868180, 80.903811, 99.680869, 0.464638, 
23, 139.420416, 77.401469, 124.979163, 48.116011, 0.303191, 
23, 28.838823, 76.226620, 36.095189, 79.412527, 0.042510, 
24, 68.934901, 56.924371, 89.870211, 21.935052, 0.267765, 
24, 33.116800, 111.994955, 70.756526, 40.550641, 0.375669, 
24, 83.476535, 59.063024, 84.503936, 54.156550, 0.103596, 
24, 40.387552, 69.433331, 50.081803, 71.057454, 0.075627, 
24, 72.879419, 52.450293, 89.870211, 21.935052, 0.344937, 
24, 110.554614, 52.976072, 89.870211, 21.935052, 0.270603, 
24, 81.515494, 76.253969, 82.525574, 66.026891, 0.076658, 
24, 138.068102, 84.581149, 150.802880, 85.892744, 0.324021, 
24, 17.623753, 79.795551, 27.587222, 82.268831, 0.259432, 
24, 25.924600, 24.208266, 33.653414, 21.527211, 0.206702, 
24, 36.975466, 58.336536, 48.638701, 58.961023, 0.229515, 
24, 64.594015, 58.298718, 89.538530, 15.462928, 0.468933, 
24, 77.964600, 35.638441, 80.482523, 71.729612, 0.170003, 
24, 28.297019, 72.743322, 37.628285, 76.099789, 0.231710, 
24, 34.805014, 31.318620, 43.455657, 32.094054, 0.194198, 
24, 38.652782, 45.813232, 46.761373, 47.016666, 0.146398, 
24, 108.123868, 42.852466, 84.155688, 35.440345, 0.164623, 
24, 18.758631, 40.974810, 27.513550, 42.470552, 0.194409, 
24, 40.193266, 69.366623, 50.081803, 71.057454, 0.079210, 
24, 42.563790, 95.965242, 54.323357, 98.144921, 0.135860, 
24, 76.878199, 35.907040, 80.482523, 71.729612, 0.234689, 
24, 50.794775, 75.993536, 48.188668, 78.554225, 0.139774, 
24, 38.571895, 76.732996, 48.188668, 78.554225, 0.016757, 
24, 120.935163, 36.771833, 70.756526, 40.550641, 0.363574, 
24, 90.730120, 64.288918, 90.133570, 50.498048, 0.312151, 
25, 83.487170, 59.072930, 91.542009, 42.953674, 0.134361, 
25, 151.978759, 96.099601, 150.823878, 99.201087, 0.138817, 
25, 40.387552, 69.433331, 50.081800, 71.057454, 0.074021, 
25, 138.068102, 84.581149, 150.802880, 85.892744, 0.324021, 
25, 17.623753, 79.795551, 27.587222, 82.268831, 0.259432, 
25, 41.571613, 38.820609, 25.104180, 48.149211, 0.356162, 
25, 26.017523, 24.342998, 33.429084, 21.479269, 0.181611, 
25, 28.297019, 72.743322, 37.628285, 76.099789, 0.231710, 
25, 34.758948, 31.290503, 43.455710, 32.094073, 0.235572, 
25, 38.654204, 45.813900, 46.761368, 47.016664, 0.146362, 
25, 18.861094, 40.992897, 27.855707, 42.178294, 0.202924, 
25, 40.193266, 69.366623, 50.081800, 71.057454, 0.077398, 
25, 42.563790, 95.965242, 54.323593, 98.145075, 0.133092, 
25, 60.295466, 69.572876, 36.096088, 70.225674, 0.322087, 
25, 34.684737, 31.229265, 43.455710, 32.094073, 0.241825, 
25, 50.794765, 75.993535, 48.189831, 78.555371, 0.157251, 
25, 38.571895, 76.732996, 48.189831, 78.555371, 0.039928, 
26, 83.553709, 51.620331, 75.569405, 46.010198, 0.164063, 
26, 69.242766, 49.916555, 81.618320, 46.249739, 0.187812, 
26, 99.662247, 53.646097, 75.569405, 46.010198, 0.175783, 
26, 152.016912, 96.098300, 151.193939, 98.894115, 0.152211, 
26, 19.280705, 87.895656, 29.073540, 90.134377, 0.130957, 
26, 40.398909, 69.536105, 50.781259, 70.723905, 0.073623, 
26, 75.059987, 88.049980, 92.405509, 72.997748, 0.194661, 
26, 114.643186, 50.142236, 81.618320, 46.249739, 0.146448, 
26, 114.643186, 50.142236, 81.618320, 46.249739, 0.207916, 
26, 116.225107, 108.364581, 130.714203, 110.150454, 0.268064, 
26, 132.343797, 56.005259, 143.414369, 56.066791, 0.107297, 
26, 43.054421, 81.696705, 52.647613, 83.644769, 0.220903, 
26, 92.747675, 93.233328, 21.557571, 100.921342, 0.282582, 
26, 100.112612, 76.957780, 90.115357, 79.455092, 0.061682, 
26, 17.694427, 79.855332, 27.753098, 82.206017, 0.184159, 
26, 25.659383, 24.412581, 34.107033, 21.462645, 0.225332, 
26, 40.158332, 90.127289, 51.951223, 92.143031, 0.077754, 
26, 102.261152, 86.923468, 92.267796, 64.069870, 0.094990, 
26, 114.355894, 66.386917, 125.351368, 67.202128, 0.103267, 
26, 60.202909, 69.578349, 35.230082, 69.361276, 0.286238, 
26, 30.858300, 50.322842, 41.781993, 51.687232, 0.031892, 
26, 42.355605, 95.999944, 53.995411, 98.063046, 0.158883, 
26, 135.648681, 100.526391, 135.470947, 97.736820, 0.182637, 
26, 29.232572, 57.413087, 38.602770, 59.111129, 0.055853, 
26, 90.764696, 63.930188, 79.764459, 71.010919, 0.224237, 
26, 90.764696, 63.930188, 79.764459, 71.010919, 0.241034, 
26, 29.326145, 57.705782, 38.602770, 59.111129, 0.026051, 
27, 83.575138, 51.704801, 71.029854, 44.250890, 0.226028, 
27, 86.031986, 104.756344, 87.310142, 102.329721, 0.300058, 
27, 152.014197, 96.069184, 151.193939, 98.894115, 0.151112, 
27, 40.524668, 69.650778, 50.774863, 70.721646, 0.200348, 
27, 68.233474, 48.441087, 77.431448, 44.072334, 0.245705, 
27, 68.233474, 48.441087, 77.431448, 44.072334, 0.243917, 
27, 115.980011, 48.990885, 77.431448, 44.072334, 0.193546, 
27, 115.980011, 48.990885, 77.431448, 44.072334, 0.320183, 
27, 91.329612, 74.420295, 138.710607, 106.937716, 0.234686, 
27, 92.785542, 93.287869, 21.557571, 100.921342, 0.286201, 
27, 17.655709, 79.893010, 27.753098, 82.206017, 0.220865, 
27, 40.056356, 90.089596, 51.951222, 92.143019, 0.082733, 
27, 80.098127, 67.529791, 65.632535, 66.659300, 0.067772, 
27, 91.809802, 82.733353, 77.750144, 83.915407, 0.236273, 
27, 100.637756, 76.039206, 89.108279, 77.412170, 0.041491, 
27, 114.495178, 66.414753, 125.351367, 67.202128, 0.091942, 
27, 69.488061, 66.618955, 92.093881, 72.662684, 0.287771, 
27, 75.768872, 88.095491, 92.093881, 72.662684, 0.316149, 
27, 31.225560, 50.039709, 41.738349, 51.764692, 0.033637, 
27, 60.160612, 69.424928, 35.230107, 69.361353, 0.314867, 
27, 135.853317, 100.299805, 135.476018, 97.739521, 0.183137, 
27, 16.825079, 56.380616, 26.663693, 59.125709, 0.144063, 
27, 90.771824, 63.781573, 76.447001, 66.525315, 0.237468, 
28, 80.658179, 94.248347, 87.991475, 53.518923, 0.159552, 
28, 40.662855, 52.145483, 50.567500, 52.776053, 0.232691, 
28, 67.279752, 47.597396, 72.977318, 42.003789, 0.210039, 
28, 116.544255, 48.002434, 72.977318, 42.003789, 0.172925, 
28, 116.544255, 48.002434, 72.977318, 42.003789, 0.199850, 
28, 100.984750, 81.610916, 60.398915, 84.460075, 0.087038, 
28, 101.891512, 91.142103, 60.398915, 84.460075, 0.117324, 
28, 16.725006, 46.451582, 28.068029, 46.910866, 0.179118, 
28, 19.467513, 72.624491, 30.843017, 74.041779, 0.111725, 
28, 60.798928, 74.299634, 27.431313, 57.743223, 0.190158, 
28, 16.202051, 67.918161, 25.142502, 69.674172, 0.185133, 
28, 31.742753, 50.152831, 42.771815, 51.129023, 0.119429, 
28, 24.303205, 82.642595, 35.383599, 83.021560, 0.241276, 
28, 24.411208, 21.241799, 34.017251, 21.013654, 0.127813, 
28, 29.154698, 57.436532, 27.431313, 57.743223, 0.109817, 
28, 90.787141, 63.723518, 72.211456, 65.319828, 0.279965, 
28, 108.346643, 61.132552, 59.254030, 95.098193, 0.185117, 
29, 16.612862, 50.206248, 27.752347, 51.146555, 0.211165, 
29, 66.701861, 47.259918, 68.366712, 41.004763, 0.209539, 
29, 76.194588, 88.708933, 86.622101, 53.814426, 0.234170, 
29, 117.231848, 47.792643, 68.366712, 41.004763, 0.172551, 
29, 117.231848, 47.792643, 68.366712, 41.004763, 0.213201, 
29, 65.834240, 110.666390, 73.919551, 111.076837, 0.272990, 
29, 91.359604, 74.670141, 73.919551, 111.076837, 0.224135, 
29, 97.995820, 109.510571, 56.075847, 105.767278, 0.210454, 
29, 38.321614, 24.453274, 48.291373, 24.145383, 0.174157, 
29, 100.665011, 42.884366, 68.878202, 76.228372, 0.399980, 
29, 100.665011, 42.884366, 68.878202, 76.228372, 0.339834, 
29, 16.719746, 46.677525, 28.068029, 46.910866, 0.188656, 
29, 19.853676, 72.670275, 30.843017, 74.041779, 0.114795, 
29, 101.549912, 58.633498, 76.023851, 48.451768, 0.099896, 
29, 112.177875, 66.399326, 151.874239, 60.457807, 0.330673, 
29, 16.263169, 67.917220, 25.142502, 69.674172, 0.177004, 
29, 132.396642, 55.726603, 143.064967, 55.834817, 0.239296, 
29, 146.389249, 56.431931, 50.490760, 52.820781, 0.213594, 
29, 31.907693, 50.235487, 42.749972, 51.139154, 0.150571, 
29, 60.551538, 74.632314, 27.431323, 57.743233, 0.194286, 
29, 102.265427, 46.641380, 68.878202, 76.228372, 0.465712, 
29, 102.265427, 46.641380, 68.878202, 76.228372, 0.406564, 
29, 24.394102, 21.232633, 34.016079, 20.996835, 0.104384, 
29, 29.526576, 57.728973, 27.431323, 57.743233, 0.126441, 
29, 97.358064, 23.040454, 56.075847, 105.767278, 0.281785, 
29, 90.785141, 63.778999, 68.050567, 64.791695, 0.301033, 
29, 108.325988, 61.131925, 52.569398, 92.469324, 0.173988, 
30, 121.590163, 92.875378, 135.058258, 93.808155, 0.324970, 
30, 97.682832, 60.572805, 68.414049, 59.164079, 0.189679, 
30, 116.489784, 108.617588, 137.408678, 109.867638, 0.220482, 
30, 121.426348, 109.258665, 137.408678, 109.867638, 0.096435, 
30, 79.490000, 31.196702, 54.375781, 44.954306, 0.193247, 
30, 100.948913, 81.796632, 69.852992, 80.347372, 0.053863, 
30, 115.032662, 43.397319, 84.700549, 83.856517, 0.135227, 
30, 55.284132, 94.959402, 66.106018, 96.734134, 0.397287, 
30, 100.768310, 43.060958, 64.120239, 76.502302, 0.461003, 
30, 100.768310, 43.060958, 64.120239, 76.502302, 0.392811, 
30, 16.372321, 46.694218, 24.962897, 47.946427, 0.229938, 
30, 16.173194, 67.919275, 25.197718, 69.492414, 0.099060, 
30, 132.131104, 55.894653, 143.337091, 55.867886, 0.277439, 
30, 146.182346, 56.502867, 43.146747, 51.178597, 0.144692, 
30, 24.754833, 21.473217, 33.745622, 21.031991, 0.116579, 
30, 50.994616, 76.277926, 99.549312, 76.668303, 0.254654, 
30, 97.451206, 23.208554, 51.774909, 105.360460, 0.224784, 
30, 90.802354, 63.821006, 63.697561, 64.319804, 0.309578, 
30, 108.324444, 61.030717, 46.975679, 91.527624, 0.183746, 
31, 83.624928, 52.937655, 63.346181, 76.399971, 0.207097, 
31, 86.430082, 105.314028, 43.008457, 100.393020, 0.225411, 
31, 116.427853, 108.699631, 137.425856, 109.869522, 0.252317, 
31, 122.028669, 92.977113, 135.058258, 93.808155, 0.304689, 
31, 15.727551, 67.995101, 25.197718, 69.492414, 0.067453, 
31, 69.100092, 45.800009, 58.911300, 42.502276, 0.403268, 
31, 91.991442, 16.350914, 43.008457, 100.393020, 0.287386, 
31, 121.449060, 109.298587, 137.425856, 109.869522, 0.087835, 
31, 79.558514, 31.127792, 49.899116, 45.970739, 0.220308, 
31, 101.999555, 91.510587, 48.964433, 66.049620, 0.056869, 
31, 92.460811, 88.615009, 98.450169, 97.453535, 0.272938, 
31, 150.987290, 62.248182, 77.161089, 64.181073, 0.250946, 
31, 16.640943, 46.494364, 24.962897, 47.946427, 0.272350, 
31, 126.865337, 105.607470, 138.468531, 106.178138, 0.219498, 
31, 132.103905, 55.943087, 143.337091, 55.867886, 0.143713, 
31, 147.082769, 32.048565, 28.240057, 57.716649, 0.348690, 
31, 97.656977, 23.464602, 51.291125, 105.218362, 0.185927, 
31, 90.826770, 63.870640, 58.584696, 65.432804, 0.296851, 
32, 136.625488, 87.945213, 150.079716, 88.263311, 0.187089, 
32, 75.711897, 69.329131, 69.322507, 51.535539, 0.135450, 
32, 150.028698, 103.365524, 149.599442, 105.284219, 0.387758, 
32, 108.128479, 70.488483, 40.427576, 71.120107, 0.214872, 
32, 116.175772, 108.717572, 137.278329, 109.797308, 0.245687, 
32, 121.481047, 109.376832, 137.278329, 109.797308, 0.123012, 
32, 76.727274, 111.130378, 98.717672, 97.461004, 0.345125, 
32, 79.824222, 30.937238, 45.060891, 47.394467, 0.166208, 
32, 112.690670, 59.140149, 123.912276, 58.706513, 0.167170, 
32, 60.835003, 109.501858, 105.898186, 64.122438, 0.245072, 
32, 100.466344, 77.287110, 65.718402, 74.657386, 0.116991, 
32, 100.769413, 103.956781, 78.032572, 98.112311, 0.252373, 
32, 117.328571, 104.568516, 132.218910, 105.278453, 0.272608, 
32, 127.150847, 105.728063, 138.522108, 105.974228, 0.238121, 
32, 16.301919, 67.610735, 24.882336, 69.228429, 0.173870, 
32, 131.804946, 56.080108, 143.819405, 56.018971, 0.190435, 
32, 60.414889, 69.417408, 99.767362, 101.704738, 0.217706, 
32, 25.302264, 21.528444, 35.480612, 24.074447, 0.210513, 
32, 97.742880, 23.551080, 50.480653, 105.126791, 0.290933, 
32, 90.834108, 63.944516, 53.039049, 67.120274, 0.269293, 
33, 30.534717, 112.786511, 21.926015, 113.069914, 0.303763, 
33, 81.684421, 93.899513, 58.459768, 42.914824, 0.168636, 
33, 117.586019, 85.059845, 129.534354, 85.731230, 0.240390, 
33, 136.709570, 88.015245, 150.155469, 88.262553, 0.216452, 
33, 136.709570, 88.015245, 150.155469, 88.262553, 0.172458, 
33, 83.374586, 58.756521, 56.153995, 43.185523, 0.149452, 
33, 58.859281, 92.991034, 20.943848, 95.666296, 0.395660, 
33, 109.095514, 96.520394, 33.361970, 70.082308, 0.192461, 
33, 115.372930, 79.356832, 127.788974, 79.863624, 0.191665, 
33, 121.207672, 109.543011, 137.420844, 109.722403, 0.164763, 
33, 11.164326, 111.567274, 21.926015, 113.069914, 0.314488, 
33, 46.518818, 76.245283, 61.528176, 110.810530, 0.273764, 
33, 76.350390, 39.777679, 57.186286, 68.502540, 0.132672, 
33, 100.975615, 81.953869, 37.925743, 72.636605, 0.070893, 
33, 131.908762, 84.519094, 144.599734, 84.450098, 0.184697, 
33, 60.855255, 109.507076, 105.752676, 64.078816, 0.252350, 
33, 111.809755, 112.210500, 21.926015, 113.069914, 0.341122, 
33, 117.776567, 104.792848, 132.525818, 105.161043, 0.249001, 
33, 120.697442, 89.528717, 132.825589, 90.012961, 0.301816, 
33, 39.617746, 51.487445, 87.525976, 53.353220, 0.159230, 
33, 109.183535, 40.989116, 42.702032, 104.661761, 0.271226, 
33, 117.874450, 104.744820, 132.525818, 105.161043, 0.193070, 
34, 43.413141, 104.046698, 135.592857, 103.149258, 0.331255, 
34, 117.617740, 85.036600, 129.583856, 85.522274, 0.201907, 
34, 75.671887, 55.758743, 32.838611, 69.850180, 0.283965, 
34, 109.213625, 96.459758, 32.838611, 69.850180, 0.317081, 
34, 115.429050, 79.420086, 127.930588, 79.752589, 0.119613, 
34, 131.791781, 56.443031, 143.673789, 55.743617, 0.067746, 
34, 80.841397, 69.324322, 35.778701, 66.895970, 0.053228, 
34, 151.024368, 62.683518, 58.349885, 25.625143, 0.320139, 
34, 120.560906, 89.567363, 133.003982, 89.904916, 0.317075, 
34, 127.038035, 105.762312, 138.468906, 105.724868, 0.197236, 
34, 60.457063, 69.509148, 99.906050, 101.489617, 0.213132, 
34, 91.878334, 29.682241, 51.288625, 100.864567, 0.354218, 
34, 91.878334, 29.682241, 51.288625, 100.864567, 0.382528, 
34, 24.546502, 83.474940, 111.304113, 58.178656, 0.211647, 
34, 117.934017, 104.879631, 132.279007, 105.015863, 0.228170, 
34, 38.693108, 77.333241, 70.362053, 47.454644, 0.171652, 
34, 59.150161, 37.499182, 32.838611, 69.850180, 0.409912, 
34, 106.420626, 61.143987, 58.319750, 59.181121, 0.172319, 
35, 130.281123, 75.138707, 142.618865, 74.609738, 0.263157, 
35, 149.460477, 58.094760, 151.320307, 57.135028, 0.142615, 
35, 59.144937, 93.281688, 70.867522, 94.778129, 0.247846, 
35, 109.459310, 96.422287, 24.985039, 68.580593, 0.139822, 
35, 132.281427, 56.397693, 143.780824, 55.832190, 0.120608, 
35, 133.170136, 103.550828, 144.182152, 103.671537, 0.157312, 
35, 80.356768, 31.123366, 44.345853, 14.894068, 0.138513, 
35, 78.646361, 35.088942, 44.345853, 14.894068, 0.079719, 
35, 100.588920, 76.951099, 32.665850, 58.923701, 0.148233, 
35, 59.676047, 74.995405, 70.176538, 75.326188, 0.145043, 
35, 126.969889, 105.758749, 138.786893, 105.577212, 0.077346, 
35, 60.549838, 52.927643, 73.607677, 52.980700, 0.203450, 
35, 60.581008, 69.418714, 71.175618, 69.407218, 0.065669, 
35, 126.471185, 55.882568, 137.840864, 56.252936, 0.153115, 
35, 91.875166, 29.653566, 55.552605, 91.727130, 0.424868, 
35, 98.511662, 97.725894, 55.552605, 91.727130, 0.292861, 
35, 83.920970, 35.849128, 55.552605, 91.727130, 0.184087, 
35, 118.932438, 82.946249, 151.320307, 57.135028, 0.285894, 
35, 28.516232, 74.013409, 63.211274, 74.265042, 0.211839, 
35, 106.088241, 61.614571, 54.324647, 58.225654, 0.103376, 
36, 83.392674, 53.086634, 40.026248, 74.725244, 0.251212, 
36, 149.195827, 58.186510, 151.341157, 57.077792, 0.157973, 
36, 107.292687, 69.805543, 48.702246, 49.176271, 0.294116, 
36, 131.811381, 56.492179, 143.724730, 55.764552, 0.083912, 
36, 78.808857, 36.286129, 31.062752, 81.166690, 0.179566, 
36, 90.432879, 13.045140, 40.019511, 13.944124, 0.338654, 
36, 55.313475, 95.482395, 66.339462, 96.013699, 0.127745, 
36, 59.997635, 47.537084, 71.178387, 47.675855, 0.197328, 
36, 100.591738, 76.851777, 45.087401, 64.980918, 0.137567, 
36, 127.039573, 105.784802, 138.874214, 105.580315, 0.070384, 
36, 128.172253, 45.491359, 139.157141, 44.962613, 0.301409, 
36, 126.564672, 55.735696, 138.134339, 55.486704, 0.102121, 
36, 60.599765, 69.672746, 70.926544, 69.450845, 0.022919, 
36, 71.846382, 53.078817, 48.702246, 49.176271, 0.293179, 
36, 91.740621, 42.043553, 122.003833, 38.048556, 0.369452, 
36, 119.308210, 83.250329, 151.341157, 57.077792, 0.274678, 
36, 60.632498, 85.720092, 71.765929, 85.371708, 0.170813, 
36, 50.941604, 76.627274, 71.178387, 47.675855, 0.163955, 
36, 38.100102, 77.471764, 71.178387, 47.675855, 0.157417, 
36, 104.387552, 62.115386, 45.087401, 64.980918, 0.085814, 
37, 123.049685, 102.800534, 135.460944, 103.102629, 0.205185, 
37, 80.786346, 31.237574, 44.116091, 39.826395, 0.105837, 
37, 80.877727, 69.509581, 24.513170, 78.809636, 0.057562, 
37, 90.346093, 13.145251, 37.491745, 14.604631, 0.244172, 
37, 151.807048, 22.495618, 61.006580, 58.770774, 0.204245, 
37, 55.345698, 95.492744, 66.345099, 95.982099, 0.123475, 
37, 87.321075, 108.896334, 119.101518, 26.539669, 0.298662, 
37, 93.942297, 44.111037, 66.345099, 95.982099, 0.377859, 
37, 59.512160, 47.481825, 71.259462, 47.758154, 0.200884, 
37, 102.087725, 66.162634, 24.513170, 78.809636, 0.100408, 
37, 127.106711, 105.791268, 138.905243, 105.584376, 0.084479, 
37, 58.976009, 53.012052, 69.706639, 52.481855, 0.058468, 
37, 131.427238, 56.434226, 143.637805, 55.730663, 0.120246, 
37, 60.575312, 69.813599, 70.937272, 69.461621, 0.027467, 
37, 140.141046, 55.298834, 151.435062, 57.036709, 0.256996, 
37, 120.734897, 37.865075, 12.203559, 39.431885, 0.497942, 
38, 56.340241, 98.262184, 67.455528, 98.800727, 0.145725, 
38, 75.995182, 55.896957, 17.357239, 52.213867, 0.139165, 
38, 91.631862, 16.416142, 39.419086, 101.347810, 0.234936, 
38, 152.115880, 96.583681, 50.540618, 45.502691, 0.372297, 
38, 26.130873, 89.111818, 68.669618, 41.049920, 0.297795, 
38, 72.626455, 71.750845, 83.501674, 72.066982, 0.214527, 
38, 150.518815, 62.995380, 105.494254, 64.295210, 0.219662, 
38, 52.266542, 74.293096, 62.977920, 74.150378, 0.077084, 
38, 63.164829, 92.057416, 75.106091, 91.713149, 0.215186, 
38, 91.641929, 44.514336, 66.274352, 95.954722, 0.403650, 
38, 58.762888, 52.925979, 69.713372, 52.444540, 0.102418, 
38, 130.881956, 56.795381, 143.595451, 55.735249, 0.144392, 
38, 72.344279, 53.102624, 17.357239, 52.213867, 0.066630, 
38, 32.454312, 69.224134, 99.792723, 101.450037, 0.173954, 
38, 60.361562, 86.075340, 71.874086, 85.312077, 0.125346, 
38, 100.931042, 76.569324, 38.839843, 74.626681, 0.076821, 
38, 101.870981, 59.980524, 20.462955, 57.893929, 0.184305, 
38, 143.819545, 25.218559, 10.303034, 80.564959, 0.244021, 
38, 50.856097, 76.771586, 71.348541, 47.698001, 0.153214, 
39, 81.778563, 94.325550, 31.788524, 53.367626, 0.304988, 
39, 91.727206, 16.413265, 39.785049, 101.323615, 0.351268, 
39, 72.626457, 71.750846, 83.503785, 72.075548, 0.217383, 
39, 101.123184, 64.826671, 36.134480, 76.119749, 0.076065, 
39, 150.518815, 62.995380, 105.494606, 64.295303, 0.218639, 
39, 52.266542, 74.293096, 62.910834, 74.127012, 0.069090, 
39, 63.164829, 92.057416, 75.108646, 91.718073, 0.231206, 
39, 79.534624, 35.834522, 12.884608, 68.659521, 0.284762, 
39, 80.328980, 62.676717, 36.134480, 76.119749, 0.080043, 
39, 80.486591, 69.207563, 12.884608, 68.659521, 0.100081, 
39, 54.160953, 49.094864, 50.458501, 45.826533, 0.285704, 
39, 58.762920, 52.925984, 69.863970, 52.405127, 0.133363, 
39, 130.881956, 56.795381, 143.526180, 55.810206, 0.157369, 
39, 86.334473, 51.639463, 39.891190, 85.965648, 0.201465, 
39, 32.454300, 69.224136, 99.756261, 101.441759, 0.171917, 
39, 60.361562, 86.075340, 71.911109, 85.322283, 0.093319, 
39, 100.979936, 76.564234, 37.228487, 74.934941, 0.124017, 
39, 102.105996, 66.354067, 36.134480, 76.119749, 0.123528, 
39, 119.877105, 38.742037, 48.474663, 36.503202, 0.118165, 
39, 59.897854, 37.388924, 8.394841, 70.493045, 0.302337, 
40, 9.626848, 93.593486, 91.638122, 37.846399, 0.239059, 
40, 37.594165, 71.039354, 47.027488, 70.796992, 0.111727, 
40, 81.614869, 94.664619, 8.944435, 70.493830, 0.351231, 
40, 82.601125, 33.641444, 26.082388, 28.479365, 0.201266, 
40, 53.098143, 82.963077, 64.433433, 82.553142, 0.059451, 
40, 58.969910, 53.127942, 69.545969, 52.393365, 0.235340, 
40, 114.358863, 63.416728, 124.951696, 62.413218, 0.187091, 
40, 126.423888, 87.699743, 138.231544, 87.039698, 0.145544, 
40, 79.476902, 36.186388, 13.902458, 95.394601, 0.148985, 
40, 106.110461, 7.078304, 66.261266, 96.144321, 0.487983, 
40, 37.964279, 65.727846, 47.312444, 65.828174, 0.158144, 
40, 55.226904, 96.025603, 66.261266, 96.144321, 0.137190, 
40, 63.587266, 92.155050, 74.909322, 91.771634, 0.291338, 
40, 80.511136, 62.485043, 10.398773, 63.391002, 0.073489, 
40, 80.430742, 69.144656, 9.925210, 67.157629, 0.080510, 
40, 84.380884, 97.025859, 32.392836, 91.326736, 0.119477, 
40, 103.915361, 31.991453, 23.855445, 12.026294, 0.109876, 
40, 36.065325, 33.058173, 44.299127, 30.306022, 0.241754, 
40, 131.218102, 107.973695, 145.015877, 107.724909, 0.186875, 
40, 131.218102, 107.973695, 145.015877, 107.724909, 0.275285, 
40, 119.485953, 38.525327, 31.923831, 102.049366, 0.407694, 
40, 104.306677, 62.937802, 32.392836, 91.326736, 0.169193, 
41, 9.626848, 93.593486, 91.555777, 37.870879, 0.256239, 
41, 37.594165, 71.039354, 46.944479, 70.833878, 0.102677, 
41, 66.664617, 68.169681, 76.787617, 68.018112, 0.293133, 
41, 58.969910, 53.127942, 69.671296, 52.420250, 0.158480, 
41, 126.423888, 87.699743, 138.231544, 87.039698, 0.145581, 
41, 127.948935, 41.416144, 139.990014, 39.866636, 0.203077, 
41, 101.125886, 64.921786, 19.988793, 82.152082, 0.066554, 
41, 37.964279, 65.727846, 47.168224, 65.833416, 0.162897, 
41, 55.226904, 96.025603, 66.273481, 96.142000, 0.136018, 
41, 63.587266, 92.155050, 74.909322, 91.771634, 0.291619, 
41, 80.583731, 62.463453, 19.988793, 82.152082, 0.062013, 
41, 80.394981, 69.036119, 19.988793, 82.152082, 0.097020, 
41, 87.792479, 109.579602, 118.591542, 26.506461, 0.276636, 
41, 150.685961, 48.485523, 88.012148, 112.024070, 0.409881, 
41, 150.685961, 48.485523, 14.044134, 93.307914, 0.417836, 
41, 36.122128, 33.071111, 45.081632, 30.443713, 0.310347, 
41, 100.673053, 77.260710, 26.810963, 73.040635, 0.073658, 
41, 131.218102, 107.973696, 145.015877, 107.724909, 0.185772, 
41, 71.491729, 52.959652, 33.938439, 27.699666, 0.334021, 
41, 100.980284, 77.199278, 26.810963, 73.040635, 0.094469, 
41, 102.123199, 66.731567, 19.988793, 82.152082, 0.126219, 
41, 50.574813, 76.993379, 60.788825, 76.544667, 0.130136, 
41, 120.042115, 38.425224, 33.938439, 27.699666, 0.276868, 
42, 37.644614, 71.082785, 46.987952, 70.879034, 0.078045, 
42, 66.898573, 68.172155, 76.711987, 68.046312, 0.225036, 
42, 31.974591, 35.763858, 144.143351, 67.637966, 0.356283, 
42, 53.003158, 82.906760, 64.886901, 82.860638, 0.104438, 
42, 115.265395, 63.438951, 124.934484, 62.746258, 0.210323, 
42, 87.825028, 54.019592, 66.227604, 96.354803, 0.383877, 
42, 101.959751, 91.877649, 27.373408, 80.995279, 0.057882, 
42, 41.012010, 91.176674, 49.435111, 90.675393, 0.163313, 
42, 59.710285, 48.426413, 70.308732, 47.404890, 0.203791, 
42, 131.725231, 108.032399, 145.263117, 107.850865, 0.183579, 
42, 42.422198, 97.002390, 52.183743, 97.560857, 0.179535, 
42, 77.887730, 37.638017, 20.329035, 34.462755, 0.327546, 
42, 50.619787, 77.072230, 60.497065, 76.619794, 0.027277, 
42, 53.907485, 59.249696, 59.611922, 59.037679, 0.146926, 
43, 122.390906, 94.232955, 134.787609, 93.268853, 0.242337, 
43, 127.012484, 87.782550, 138.155628, 87.240386, 0.107149, 
43, 133.132324, 92.725083, 135.453267, 72.254689, 0.232754, 
43, 80.598362, 31.437594, 9.707654, 14.048819, 0.214879, 
43, 71.602989, 59.321154, 40.626138, 59.279935, 0.273075, 
43, 87.781149, 109.460214, 118.427747, 26.562101, 0.312881, 
43, 132.202210, 108.182500, 145.546810, 107.983815, 0.145172, 
43, 132.202210, 108.182500, 145.546810, 107.983815, 0.172404, 
43, 132.990974, 103.669045, 100.577780, 107.567247, 0.293277, 
43, 49.995603, 69.418127, 69.862220, 69.731129, 0.217525, 
43, 59.178260, 41.770049, 35.998672, 89.696938, 0.382773, 
43, 119.066158, 37.775742, 35.998672, 89.696938, 0.370499, 
43, 28.577887, 75.457823, 60.551909, 76.757170, 0.151399, 
43, 50.916237, 77.078838, 60.551909, 76.757170, 0.020074, 
43, 50.916237, 77.078838, 60.551909, 76.757170, 0.015725, 
43, 107.452844, 45.623124, 9.707654, 14.048819, 0.188808, 
43, 40.182283, 77.747839, 50.658320, 77.253661, 0.090438, 
43, 53.716677, 59.387508, 59.258230, 59.121638, 0.103332, 
43, 138.802382, 63.463785, 36.149436, 58.259337, 0.275007, 
43, 59.621164, 39.171388, 35.998672, 89.696938, 0.440000, 
43, 119.251194, 37.897911, 28.314539, 41.476428, 0.212009, 
43, 119.251194, 37.897911, 35.998672, 89.696938, 0.338139, 
44, 81.687790, 95.342227, 16.022976, 50.438788, 0.353955, 
44, 121.071922, 51.247432, 133.638628, 52.256173, 0.299027, 
44, 127.452180, 87.781927, 138.259790, 87.377986, 0.171528, 
44, 48.277174, 52.608873, 58.328497, 52.737490, 0.182285, 
44, 84.845767, 97.288529, 10.293683, 80.572804, 0.164502, 
44, 103.070449, 96.516156, 15.842709, 84.590894, 0.173471, 
44, 16.883367, 73.679569, 26.090398, 73.582957, 0.157921, 
44, 35.533747, 20.363140, 43.491848, 18.899056, 0.201674, 
44, 81.374124, 76.498927, 15.842709, 84.590894, 0.074653, 
44, 87.883791, 109.558500, 118.430509, 26.566988, 0.334840, 
44, 73.767449, 84.066418, 151.118104, 85.492799, 0.383037, 
44, 132.136849, 108.086292, 145.326506, 108.130754, 0.149415, 
44, 16.530181, 68.821378, 25.020246, 69.015017, 0.085306, 
44, 69.850008, 53.519397, 13.859180, 30.365136, 0.272728, 
44, 140.505733, 56.317458, 134.192737, 53.526666, 0.124266, 
44, 118.419751, 37.812526, 35.851862, 91.351037, 0.604566, 
44, 60.827892, 86.522449, 71.248174, 85.924010, 0.047343, 
44, 28.661394, 75.622415, 60.145217, 77.021258, 0.143363, 
44, 36.856112, 90.042124, 47.808128, 90.896350, 0.077758, 
44, 49.936160, 45.948950, 59.085209, 45.212311, 0.051618, 
44, 50.883735, 77.226809, 60.145217, 77.021258, 0.026415, 
44, 50.883735, 77.226809, 60.145217, 77.021258, 0.018167, 
44, 54.050227, 59.380254, 59.983995, 59.119193, 0.100873, 
44, 97.226772, 23.678513, 22.754967, 93.082556, 0.400017, 
44, 108.118473, 45.892677, 22.754967, 93.082556, 0.214077, 
44, 138.589228, 63.052683, 27.015672, 57.651830, 0.269699, 
44, 59.731188, 37.737425, 35.851862, 91.351037, 0.551818, 
44, 59.731188, 37.737425, 13.859180, 30.365136, 0.384083, 
45, 48.409959, 52.909985, 58.307522, 52.807433, 0.150037, 
45, 116.157679, 63.586733, 124.663271, 62.684401, 0.215989, 
45, 100.535719, 62.746738, 44.276565, 91.390017, 0.320842, 
45, 61.980680, 75.398799, 70.790152, 75.590074, 0.039636, 
45, 120.707362, 61.845722, 76.127913, 58.220720, 0.210250, 
45, 42.894940, 97.185696, 51.508082, 97.762107, 0.257791, 
45, 98.744265, 97.959721, 39.563695, 25.991236, 0.298810, 
45, 118.863347, 38.186491, 21.647487, 95.859887, 0.475941, 
45, 60.858942, 86.463792, 44.276565, 91.390017, 0.274475, 
45, 60.858942, 86.463792, 71.285203, 86.062577, 0.169391, 
45, 81.993746, 84.536383, 116.868047, 23.773409, 0.295157, 
45, 28.782488, 75.778383, 59.760182, 77.156476, 0.148497, 
45, 37.161376, 90.121814, 47.214246, 90.914108, 0.060097, 
45, 49.679200, 45.680265, 58.918816, 45.229066, 0.118977, 
45, 50.955194, 77.270649, 59.760182, 77.156476, 0.035989, 
45, 50.955194, 77.270649, 59.760182, 77.156476, 0.030629, 
45, 54.081165, 59.410343, 60.383782, 59.129777, 0.170393, 
45, 54.081165, 59.410343, 60.383782, 59.129777, 0.102236, 
45, 119.308482, 38.356311, 21.647487, 95.859887, 0.490761, 
45, 59.596001, 36.538171, 21.647487, 95.859887, 0.449506, 
46, 136.505618, 88.485834, 148.405484, 88.471407, 0.237369, 
46, 16.465278, 69.023952, 26.077413, 69.049614, 0.098955, 
46, 60.068427, 94.382043, 70.416156, 95.037690, 0.167314, 
46, 80.165257, 52.738008, 86.201444, 90.421277, 0.241217, 
46, 18.478508, 81.043503, 28.061816, 81.432149, 0.202128, 
46, 41.325111, 91.076628, 50.113002, 92.115789, 0.091377, 
46, 60.138095, 48.466835, 69.582205, 47.701748, 0.177437, 
46, 62.028895, 75.498707, 70.651424, 75.651460, 0.108625, 
46, 74.007300, 84.124047, 150.514519, 78.298211, 0.325259, 
46, 61.325892, 70.823325, 70.787620, 70.798850, 0.084077, 
46, 37.378563, 90.347476, 47.074723, 91.049193, 0.125526, 
46, 29.214182, 75.896461, 37.271083, 75.842250, 0.059772, 
46, 50.798908, 77.251721, 60.724040, 77.277337, 0.029812, 
46, 121.539375, 38.319481, 150.514519, 78.298211, 0.525947, 
47, 79.573529, 49.601981, 86.201444, 90.421277, 0.200937, 
47, 86.156323, 31.558971, 86.201444, 90.421277, 0.243430, 
47, 136.505616, 88.485832, 148.405484, 88.471407, 0.235596, 
47, 49.377498, 91.201563, 58.916614, 91.372440, 0.364299, 
47, 140.837072, 111.078125, 55.492732, 107.192950, 0.274057, 
47, 16.465278, 69.023952, 26.077413, 69.049616, 0.097434, 
47, 60.487556, 94.615353, 70.416156, 95.037690, 0.164694, 
47, 50.866437, 78.603097, 60.652534, 80.075210, 0.229381, 
47, 55.918922, 95.852462, 65.419107, 96.883555, 0.185074, 
47, 80.983397, 31.944973, 117.757120, 26.859121, 0.285879, 
47, 18.478508, 81.043503, 28.061816, 81.432149, 0.202128, 
47, 61.980127, 75.501751, 70.651424, 75.651460, 0.069178, 
47, 41.273530, 91.082641, 50.113002, 92.115789, 0.091179, 
47, 61.628158, 70.929306, 70.787620, 70.798850, 0.085138, 
47, 37.399798, 90.356024, 47.074723, 91.049193, 0.125925, 
47, 61.145417, 86.039014, 70.837298, 86.985303, 0.119240, 
47, 29.214182, 75.896462, 37.271083, 75.842250, 0.059711, 
48, 86.231532, 31.522404, 137.982276, 56.242807, 0.210784, 
48, 130.289540, 41.870982, 140.009111, 41.324808, 0.281662, 
48, 132.099676, 56.964771, 142.907636, 56.443178, 0.090855, 
48, 76.279674, 61.893583, 118.186494, 27.118459, 0.309082, 
48, 18.597252, 80.942882, 27.230906, 82.525933, 0.167301, 
48, 47.169030, 56.801678, 55.837445, 57.162859, 0.104661, 
48, 55.956580, 95.802278, 65.848050, 97.130276, 0.144238, 
48, 61.000765, 48.640303, 69.719310, 47.907547, 0.148471, 
48, 43.820419, 97.302138, 53.047148, 98.242235, 0.170242, 
48, 89.282023, 96.646700, 72.282510, 72.840400, 0.358016, 
48, 43.100798, 46.614419, 69.719310, 47.907547, 0.218339, 
48, 50.989440, 45.873791, 60.676455, 46.066306, 0.100813, 
48, 28.491333, 58.728367, 37.167815, 59.525895, 0.025996, 
48, 27.366562, 92.289899, 35.000209, 92.385408, 0.105915, 
48, 28.593597, 77.810036, 36.787170, 78.846926, 0.045363, 
49, 86.385815, 31.531215, 137.982276, 56.242807, 0.207192, 
49, 132.099684, 56.964778, 142.907636, 56.443178, 0.089867, 
49, 7.544622, 84.231603, 16.550781, 85.653062, 0.261204, 
49, 18.400358, 80.761467, 27.421814, 82.516373, 0.180490, 
49, 33.745018, 59.355815, 17.141517, 57.052093, 0.218877, 
49, 47.169030, 56.801678, 55.837445, 57.162859, 0.104661, 
49, 56.028432, 95.836802, 65.848050, 97.130276, 0.142844, 
49, 60.972480, 48.685546, 69.719310, 47.907547, 0.155004, 
49, 43.811953, 97.301480, 53.047148, 98.242235, 0.167672, 
49, 37.437192, 90.402468, 124.060293, 46.115005, 0.180211, 
49, 43.100798, 46.614419, 69.719310, 47.907547, 0.218361, 
49, 50.992815, 45.872974, 60.676455, 46.066306, 0.104210, 
49, 28.491329, 58.728366, 37.158246, 59.526682, 0.025845, 
49, 27.541438, 92.171362, 34.967316, 92.296685, 0.100668, 
49, 28.757196, 77.622459, 36.809895, 78.838810, 0.045814, 
50, 19.037988, 51.109525, 25.878853, 51.922167, 0.211455, 
50, 49.890810, 91.100603, 59.015892, 91.662265, 0.292052, 
50, 132.451795, 57.081246, 143.300670, 56.541067, 0.037579, 
50, 47.168028, 56.787707, 55.825157, 56.955291, 0.126556, 
50, 56.029657, 95.835815, 65.737818, 97.589474, 0.253178, 
50, 61.950273, 75.504334, 72.505387, 76.448888, 0.143023, 
50, 60.978074, 48.700181, 69.857316, 48.181760, 0.137798, 
50, 34.951072, 51.345885, 41.275088, 52.269688, 0.153460, 
50, 69.887601, 98.156614, 151.411955, 99.305637, 0.354561, 
50, 43.074365, 46.406168, 69.857316, 48.181760, 0.218042, 
50, 61.433769, 86.038145, 71.341180, 87.349077, 0.128800, 
50, 29.075752, 75.909164, 61.591434, 78.021707, 0.175633, 
50, 51.358427, 45.961698, 61.478074, 46.644126, 0.135976, 
50, 51.090161, 77.342060, 61.591434, 78.021707, 0.053129, 
50, 51.090161, 77.342060, 61.591434, 78.021707, 0.037795, 
50, 28.817123, 58.650981, 37.744277, 59.637369, 0.023831, 
50, 27.613699, 92.080105, 35.714233, 92.310275, 0.067198, 
50, 29.089326, 77.266468, 61.591434, 78.021707, 0.099970, 
51, 10.345070, 93.627083, 34.482955, 70.644532, 0.246933, 
51, 20.017615, 77.005701, 28.322353, 78.470961, 0.344206, 
51, 20.017615, 77.005701, 28.322353, 78.470961, 0.147819, 
51, 49.854167, 91.104375, 59.100890, 92.295210, 0.279709, 
51, 131.292229, 75.507701, 142.132135, 75.638707, 0.111001, 
51, 110.352950, 55.552185, 34.482955, 70.644532, 0.382744, 
51, 18.831502, 80.718164, 27.842087, 82.664429, 0.179483, 
51, 47.180918, 56.808748, 55.315646, 56.938416, 0.124054, 
51, 56.029464, 95.836215, 65.734760, 97.573794, 0.247497, 
51, 135.468198, 78.060721, 15.810166, 100.923280, 0.214130, 
51, 37.370232, 32.776532, 45.663688, 32.683643, 0.177978, 
51, 61.083521, 48.675633, 70.030544, 48.235811, 0.288924, 
51, 44.527932, 97.376140, 54.130162, 98.580087, 0.119092, 
51, 124.599804, 100.957301, 137.241755, 101.835836, 0.117693, 
51, 61.401616, 86.060693, 71.338645, 87.348362, 0.085345, 
51, 28.959107, 58.599689, 38.188844, 59.624532, 0.073278, 
51, 29.037065, 76.158517, 61.895492, 78.112903, 0.130527, 
51, 51.067756, 46.129350, 61.383174, 46.639207, 0.066729, 
51, 51.542435, 77.358635, 61.895492, 78.112903, 0.028982, 
51, 51.542435, 77.358635, 61.895492, 78.112903, 0.030801, 
51, 40.924281, 77.830405, 47.962592, 78.819087, 0.055397, 
52, 20.081790, 76.957442, 28.224949, 78.627051, 0.110832, 
52, 62.009486, 71.287267, 70.690784, 71.574205, 0.146504, 
52, 113.586225, 41.919708, 153.555850, 34.161103, 0.273988, 
52, 137.256448, 104.525242, 148.003165, 106.973209, 0.260558, 
52, 92.734769, 88.126054, 38.369027, 59.549235, 0.233072, 
52, 138.811939, 85.615022, 150.633079, 86.360930, 0.253676, 
52, 148.027978, 45.631961, 91.890906, 18.997821, 0.292767, 
52, 48.113303, 77.191072, 56.361306, 79.081753, 0.161593, 
52, 135.468194, 78.060720, 15.804271, 100.992983, 0.205139, 
52, 37.386054, 32.750639, 45.422998, 33.092348, 0.198752, 
52, 60.225611, 75.663360, 69.153073, 77.126970, 0.123871, 
52, 43.883340, 97.249686, 53.779210, 98.647868, 0.135122, 
52, 61.921233, 71.039054, 70.690784, 71.574205, 0.141792, 
52, 124.656704, 100.925928, 137.246338, 101.873807, 0.106853, 
52, 34.308932, 51.374820, 16.469919, 51.395833, 0.113743, 
52, 43.171160, 46.562520, 69.916056, 48.378984, 0.126585, 
52, 60.373940, 75.764819, 69.153073, 77.126970, 0.107844, 
52, 61.419124, 85.925120, 71.492775, 87.411992, 0.061950, 
52, 29.230352, 58.524369, 38.369027, 59.549235, 0.078633, 
52, 29.005607, 75.942764, 61.774260, 78.276459, 0.134490, 
52, 51.534433, 77.367158, 61.774260, 78.276459, 0.023589, 
52, 51.534433, 77.367158, 61.774260, 78.276459, 0.032570, 
52, 137.646437, 62.256781, 17.163482, 57.160985, 0.137614, 
52, 40.865270, 77.933126, 48.037520, 78.887259, 0.054420, 
52, 27.047366, 91.833246, 35.830621, 92.506327, 0.093444, 
53, 14.114537, 69.497418, 79.697211, 101.658221, 0.297711, 
53, 20.098172, 76.932083, 28.242794, 78.659140, 0.110337, 
53, 59.868766, 94.367276, 69.690924, 95.231908, 0.178270, 
53, 31.499170, 29.012763, 39.298091, 30.705593, 0.267000, 
53, 138.807373, 85.641798, 150.162804, 86.670809, 0.204166, 
53, 150.282368, 62.125406, 152.407484, 61.583822, 0.286859, 
53, 135.468205, 78.060720, 15.774816, 101.086249, 0.213512, 
53, 43.409668, 97.175433, 53.593333, 98.823912, 0.121903, 
53, 61.935519, 70.948010, 70.172619, 71.796248, 0.130025, 
53, 124.712703, 100.915096, 137.116734, 101.907377, 0.129762, 
53, 43.743996, 97.175301, 53.593333, 98.823912, 0.135240, 
53, 60.448094, 75.771845, 69.429026, 76.726118, 0.129520, 
53, 61.427958, 85.773363, 71.651872, 87.550841, 0.101780, 
53, 29.070463, 75.640901, 62.289972, 78.526927, 0.154369, 
53, 38.239368, 90.247472, 48.513835, 20.720667, 0.153109, 
53, 51.502764, 77.329830, 62.289972, 78.526927, 0.029242, 
53, 51.502764, 77.329830, 62.289972, 78.526927, 0.036008, 
53, 54.846457, 59.673292, 145.913604, 22.691219, 0.545220, 
54, 89.970897, 21.302894, 80.406798, 101.065847, 0.385064, 
54, 132.373235, 96.501257, 144.268958, 97.433131, 0.293995, 
54, 135.583700, 78.023793, 16.163856, 101.276206, 0.212637, 
54, 21.520654, 73.190541, 29.869729, 75.205390, 0.157145, 
54, 102.427640, 45.863523, 31.150321, 49.405898, 0.404005, 
54, 61.966239, 70.785322, 70.575634, 71.922998, 0.063841, 
54, 124.629433, 100.850584, 137.032320, 102.337803, 0.163003, 
54, 34.205315, 51.398348, 16.043432, 51.695506, 0.135224, 
54, 43.796787, 97.174065, 53.449306, 99.043126, 0.108025, 
54, 43.156928, 46.590489, 69.620931, 48.694203, 0.100682, 
54, 61.604697, 85.716753, 71.514942, 87.794293, 0.132863, 
54, 61.604697, 85.716753, 71.514942, 87.794293, 0.041773, 
54, 103.173795, 48.385628, 31.150321, 49.405898, 0.433309, 
54, 18.728534, 57.533197, 26.978416, 59.014794, 0.058227, 
54, 29.513546, 58.466147, 38.164820, 59.649266, 0.054597, 
54, 51.585700, 77.235781, 62.304700, 78.585599, 0.027334, 
54, 51.585700, 77.235781, 62.304700, 78.585599, 0.031484, 
55, 89.823340, 21.363171, 9.110464, 71.783646, 0.398521, 
55, 106.051405, 63.849100, 88.134074, 109.396007, 0.314378, 
55, 106.051405, 63.849100, 149.165339, 39.494584, 0.330108, 
55, 132.277932, 68.081006, 69.761962, 20.162632, 0.300117, 
55, 45.444338, 97.358789, 52.917145, 99.321709, 0.172366, 
55, 135.762101, 77.810677, 16.363357, 101.504056, 0.250443, 
55, 21.955825, 73.134860, 30.090106, 75.309654, 0.149082, 
55, 74.496599, 84.402383, 146.283131, 23.422227, 0.263170, 
55, 43.746023, 97.190217, 52.917145, 99.321709, 0.091033, 
55, 61.937506, 70.630414, 70.734532, 72.077409, 0.056548, 
55, 33.745147, 51.368998, 41.262717, 52.367665, 0.034921, 
55, 38.194486, 90.231862, 46.170286, 92.003477, 0.058192, 
55, 39.546721, 90.568363, 46.170286, 92.003477, 0.153598, 
55, 145.589787, 24.891447, 146.283131, 23.422227, 0.417961, 
55, 18.760832, 57.546308, 27.368845, 59.190200, 0.062043, 
55, 29.736020, 58.429235, 37.957669, 59.824670, 0.048389, 
55, 51.727474, 77.025304, 62.408703, 78.694697, 0.034192, 
55, 51.727474, 77.025304, 62.408703, 78.694697, 0.034595, 
55, 91.380498, 64.796661, 75.831292, 101.726484, 0.313406, 
56, 26.945097, 88.861088, 35.668741, 91.608037, 0.144788, 
56, 132.745722, 81.710497, 143.567705, 82.145457, 0.143175, 
56, 31.671349, 28.746298, 39.279497, 30.859008, 0.182571, 
56, 32.536659, 59.756927, 27.240499, 59.985252, 0.213853, 
56, 134.563569, 107.964502, 144.613630, 109.689405, 0.201512, 
56, 135.948524, 77.760953, 16.304708, 101.516034, 0.266747, 
56, 61.927324, 70.635755, 70.738543, 72.105320, 0.086635, 
56, 43.850630, 97.113574, 52.464030, 99.589043, 0.171902, 
56, 39.979884, 90.666864, 46.950595, 92.391042, 0.118962, 
56, 43.092346, 46.733750, 51.489106, 47.716987, 0.135532, 
56, 29.737447, 58.428960, 38.095628, 59.782125, 0.049378, 
56, 29.737447, 58.428960, 38.095628, 59.782125, 0.037857, 
56, 38.110148, 90.313430, 46.950595, 92.391042, 0.040791, 
56, 51.464238, 76.989636, 62.123573, 78.544188, 0.042276, 
56, 51.464238, 76.989636, 62.123573, 78.544188, 0.035323, 
56, 91.409173, 64.634609, 75.728942, 101.714675, 0.320562, 
56, 107.935139, 61.201480, 39.279497, 30.859008, 0.355110, 
57, 89.701153, 21.059480, 80.622041, 101.325612, 0.409317, 
57, 66.285512, 107.242852, 77.698227, 110.035789, 0.231615, 
57, 117.595154, 80.147475, 128.298479, 81.191212, 0.338385, 
57, 18.548707, 80.952349, 51.661298, 104.718746, 0.228554, 
57, 134.833975, 107.923712, 144.560807, 109.873354, 0.225621, 
57, 18.063578, 73.282817, 25.660697, 74.894319, 0.201156, 
57, 74.634896, 84.315743, 146.921183, 24.058419, 0.113696, 
57, 61.948741, 70.656785, 70.764739, 72.208102, 0.114378, 
57, 77.141346, 89.050527, 146.921183, 24.058419, 0.506446, 
57, 108.830073, 80.690710, 148.590586, 39.749479, 0.405990, 
57, 43.803842, 97.019913, 52.446516, 99.591167, 0.199862, 
57, 29.852541, 58.495095, 37.656074, 59.540450, 0.038839, 
57, 29.852541, 58.495095, 37.656074, 59.540450, 0.030782, 
57, 38.047600, 90.319900, 47.167978, 20.634082, 0.152511, 
57, 51.270883, 76.933164, 61.884595, 78.490963, 0.048211, 
57, 51.270883, 76.933164, 61.884595, 78.490963, 0.037181, 
57, 108.068789, 60.819497, 39.533526, 30.998421, 0.362014, 
58, 66.285512, 107.242852, 77.637814, 110.300959, 0.208675, 
58, 30.976250, 83.359270, 34.395773, 85.281737, 0.193834, 
58, 75.481744, 77.420938, 85.149404, 78.992118, 0.382342, 
58, 32.539576, 59.757353, 27.204233, 60.207850, 0.225159, 
58, 43.832769, 97.010999, 52.965834, 99.514721, 0.116814, 
58, 29.600371, 58.645587, 27.441199, 59.516640, 0.078403, 
58, 29.267826, 75.446802, 47.692000, 79.487033, 0.134603, 
58, 51.240457, 76.940143, 47.692000, 79.487033, 0.119816, 
58, 51.240457, 76.940143, 47.692000, 79.487033, 0.129233, 
58, 138.348100, 62.388680, 61.019344, 58.441710, 0.244495, 
59, 115.891229, 75.038868, 69.240984, 95.444715, 0.335232, 
59, 99.203762, 110.495730, 121.509484, 28.123243, 0.351717, 
59, 32.540028, 59.757475, 27.309942, 60.346500, 0.206699, 
59, 38.561005, 47.752657, 23.861719, 50.098428, 0.283066, 
59, 28.576979, 106.724579, 94.847475, 109.518025, 0.123952, 
59, 34.982803, 51.174869, 40.782089, 52.598799, 0.090787, 
59, 43.857069, 97.002504, 53.131336, 99.582874, 0.130012, 
59, 37.555279, 90.132105, 46.670165, 21.316363, 0.187349, 
59, 29.556164, 58.631397, 47.747917, 79.660576, 0.188469, 
59, 29.267826, 75.446802, 47.747917, 79.660576, 0.139054, 
59, 51.240892, 76.933749, 47.747917, 79.660576, 0.119660, 
59, 51.240892, 76.933749, 47.747917, 79.660576, 0.127486, 
59, 138.460239, 62.314157, 61.016499, 58.601952, 0.219714, 
60, 26.743661, 89.176590, 35.882545, 91.987155, 0.169459, 
60, 60.931896, 94.613024, 69.458323, 95.523882, 0.323452, 
60, 134.000557, 108.061242, 144.310214, 110.012336, 0.171466, 
60, 134.000557, 108.061242, 144.310214, 110.012336, 0.159443, 
60, 56.307036, 89.989654, 66.270153, 92.173105, 0.059146, 
60, 61.855786, 70.428071, 70.958784, 72.047730, 0.157840, 
60, 35.027098, 51.174169, 41.457244, 52.622883, 0.059540, 
60, 43.869287, 97.047964, 53.104112, 99.578363, 0.105282, 
60, 33.978607, 69.368297, 60.851237, 71.891524, 0.155091, 
60, 102.907128, 48.530225, 30.826802, 49.631799, 0.448828, 
60, 29.447923, 58.593615, 47.497979, 80.038937, 0.184634, 
60, 51.449629, 76.887774, 47.497979, 80.038937, 0.124668, 
60, 51.449629, 76.887774, 47.497979, 80.038937, 0.138647, 
60, 40.307200, 77.451341, 47.497979, 80.038937, 0.047511, 
60, 40.248983, 77.793481, 47.497979, 80.038937, 0.074514, 
61, 26.743966, 89.178284, 36.325666, 92.061668, 0.134604, 
61, 17.855551, 73.170252, 25.766877, 75.383965, 0.149668, 
61, 134.000948, 108.061273, 144.310537, 110.011783, 0.172012, 
61, 134.000948, 108.061273, 144.310537, 110.011783, 0.162163, 
61, 56.621672, 90.181118, 66.351635, 92.236370, 0.075101, 
61, 61.929270, 70.435763, 70.960440, 72.047793, 0.180120, 
61, 35.079193, 51.150104, 41.457377, 52.622878, 0.069700, 
61, 43.950430, 97.045293, 53.167717, 99.644120, 0.097709, 
61, 21.218725, 67.352975, 27.991869, 69.364025, 0.017423, 
61, 33.870305, 69.385604, 27.991869, 69.364025, 0.101569, 
61, 29.207341, 75.289302, 38.542780, 77.040758, 0.101850, 
61, 61.671306, 85.775312, 71.919003, 88.083665, 0.152176, 
61, 51.566448, 76.916068, 47.705879, 80.026662, 0.137244, 
61, 40.177563, 77.906748, 47.705879, 80.026662, 0.083386, 
62, 62.858949, 13.091837, 12.249104, 78.566204, 0.316641, 
62, 24.725143, 69.653672, 33.373704, 71.323447, 0.160153, 
62, 26.741984, 89.182974, 36.720503, 91.603353, 0.156727, 
62, 18.573114, 80.900017, 28.043958, 83.550817, 0.057820, 
62, 18.573114, 80.900017, 28.043958, 83.550817, 0.106052, 
62, 32.410325, 59.898893, 27.663751, 60.491994, 0.175568, 
62, 43.708963, 82.714288, 53.336210, 84.786604, 0.173949, 
62, 60.229043, 75.252885, 70.227191, 77.662922, 0.144771, 
62, 56.481161, 90.026580, 66.368723, 92.076636, 0.073460, 
62, 61.906339, 70.460378, 71.561855, 71.998757, 0.150677, 
62, 35.079256, 51.146396, 41.596887, 52.514102, 0.051928, 
62, 43.963357, 97.045783, 54.126048, 99.617751, 0.132292, 
62, 22.104321, 67.541463, 28.648700, 69.496225, 0.026182, 
62, 51.658730, 46.081033, 59.405444, 46.865089, 0.081972, 
62, 51.789968, 76.831438, 61.920237, 78.690714, 0.051724, 
62, 51.789968, 76.831438, 61.920237, 78.690714, 0.040410, 
63, 112.732804, 64.732807, 124.273371, 49.442570, 0.389897, 
63, 26.774972, 89.194394, 36.720503, 91.603353, 0.158148, 
63, 18.599069, 80.964292, 28.043958, 83.550817, 0.083183, 
63, 18.599069, 80.964292, 28.043958, 83.550817, 0.125530, 
63, 43.696188, 82.713527, 53.336210, 84.786604, 0.176238, 
63, 51.797568, 78.552940, 61.473528, 80.525282, 0.133340, 
63, 60.108331, 75.149671, 70.227191, 77.662922, 0.155793, 
63, 126.786925, 105.903482, 138.741155, 107.991998, 0.199068, 
63, 44.398372, 96.976705, 54.126066, 99.617748, 0.069554, 
63, 56.485266, 90.025581, 66.368723, 92.076636, 0.070503, 
63, 61.870072, 70.479411, 71.561855, 71.998757, 0.133064, 
63, 35.097346, 51.120097, 41.597112, 52.514291, 0.069431, 
63, 18.753747, 58.084127, 61.964398, 61.242642, 0.187633, 
63, 61.639606, 85.521724, 72.224890, 87.758156, 0.220202, 
63, 51.445248, 45.958125, 59.405444, 46.865089, 0.092345, 
63, 51.923842, 76.783360, 61.920237, 78.690714, 0.044845, 
63, 51.923842, 76.783360, 61.920237, 78.690714, 0.039623, 
63, 52.345863, 59.563279, 61.964398, 61.242642, 0.225375, 
64, 8.857045, 51.592766, 41.810826, 52.764977, 0.157247, 
64, 26.623255, 89.281964, 36.751227, 91.730455, 0.134003, 
64, 116.549756, 80.051999, 127.878792, 81.609443, 0.194883, 
64, 16.131882, 47.491721, 45.224263, 47.870630, 0.304028, 
64, 18.649368, 80.949879, 28.137513, 83.320069, 0.127826, 
64, 43.695797, 82.708133, 53.258849, 84.706847, 0.107717, 
64, 112.365770, 111.997245, 87.380351, 109.978023, 0.309736, 
64, 126.716866, 105.939605, 138.668575, 107.884327, 0.157321, 
64, 61.928979, 70.366393, 71.236801, 71.780122, 0.187052, 
64, 34.535959, 50.811256, 41.810826, 52.764977, 0.056539, 
64, 22.435522, 67.537863, 28.192152, 69.648646, 0.074427, 
64, 61.575500, 85.940369, 72.146702, 88.040052, 0.038423, 
64, 61.575500, 85.940369, 72.146702, 88.040052, 0.036753, 
64, 51.295788, 76.872837, 61.957894, 78.831352, 0.036190, 
64, 51.295788, 76.872837, 61.957894, 78.831352, 0.033492, 
64, 51.924096, 59.330712, 62.118931, 61.093244, 0.103210, 
64, 51.924096, 59.330712, 62.118931, 61.093244, 0.097187, 
64, 51.887266, 59.408451, 62.118931, 61.093244, 0.197867, 
65, 91.649178, 16.898525, 113.757853, 96.488703, 0.471956, 
65, 18.675645, 80.809952, 28.242990, 83.379352, 0.212040, 
65, 43.694149, 82.668407, 52.984554, 84.556897, 0.107169, 
65, 41.356900, 103.095982, 52.017495, 105.243848, 0.209515, 
65, 42.008739, 90.921730, 51.846278, 94.079927, 0.122294, 
65, 61.606783, 86.251484, 72.045607, 88.205446, 0.172680, 
65, 61.606783, 86.251484, 72.045607, 88.205446, 0.159960, 
65, 126.710630, 105.938539, 138.743102, 107.770746, 0.133643, 
65, 142.879589, 69.260008, 72.045607, 88.205446, 0.244760, 
65, 34.900593, 50.226557, 43.734647, 52.687291, 0.106251, 
65, 43.699260, 96.905623, 54.175776, 99.682155, 0.157818, 
65, 98.198670, 48.124708, 87.907788, 91.347073, 0.285276, 
65, 37.133148, 32.110544, 43.771200, 33.416784, 0.199525, 
65, 61.418367, 86.317975, 72.045607, 88.205446, 0.119621, 
65, 61.418367, 86.317975, 72.045607, 88.205446, 0.081338, 
65, 118.697478, 105.411606, 132.197586, 107.149538, 0.202563, 
65, 28.736057, 58.183261, 62.242398, 78.899226, 0.234707, 
65, 50.831862, 76.846643, 62.242398, 78.899226, 0.053909, 
65, 50.831862, 76.846643, 62.242398, 78.899226, 0.031889, 
65, 101.838491, 76.599584, 107.312433, 27.825612, 0.226683, 
65, 50.881453, 59.076183, 62.128220, 60.968822, 0.102772, 
66, 7.040311, 110.531205, 79.078605, 110.818770, 0.249571, 
66, 59.509673, 93.365771, 70.944430, 96.351212, 0.123953, 
66, 38.696595, 65.923156, 48.558856, 68.584810, 0.248630, 
66, 142.939287, 69.381334, 72.106706, 88.498846, 0.237238, 
66, 29.147341, 74.380445, 39.385430, 77.502069, 0.157303, 
66, 42.469311, 90.909842, 51.422184, 93.406672, 0.154766, 
66, 61.631497, 85.967210, 72.106706, 88.498846, 0.096364, 
66, 61.631497, 85.967210, 72.106706, 88.498846, 0.131887, 
66, 92.540974, 42.476756, 67.471467, 98.385828, 0.351316, 
66, 118.868713, 105.347719, 132.233407, 107.140433, 0.191742, 
66, 71.674551, 53.852511, 145.193552, 57.375725, 0.423967, 
66, 43.628852, 96.741136, 54.019792, 99.629382, 0.150387, 
66, 29.125224, 74.547560, 39.385430, 77.502069, 0.119848, 
66, 47.385387, 76.289613, 62.246770, 78.804349, 0.113698, 
66, 118.743124, 105.279958, 132.233407, 107.140433, 0.185841, 
66, 43.538910, 44.938576, 52.017583, 47.783856, 0.191512, 
66, 51.024809, 76.573688, 62.246770, 78.804349, 0.048762, 
66, 51.024809, 76.573688, 62.246770, 78.804349, 0.031174, 
66, 28.621060, 57.982805, 26.888724, 59.505886, 0.086937, 
66, 38.039959, 77.454218, 48.309394, 79.951162, 0.023855, 
66, 51.310795, 58.980317, 63.239349, 61.193643, 0.103594, 
66, 51.310795, 58.980317, 63.239349, 61.193643, 0.112533, 
66, 37.421304, 77.658571, 48.309394, 79.951162, 0.032863, 
67, 59.509673, 93.365771, 70.944430, 96.351212, 0.123956, 
67, 116.269740, 80.178769, 127.497682, 81.608354, 0.166256, 
67, 142.939287, 69.381334, 72.106706, 88.498846, 0.237238, 
67, 29.147341, 74.380445, 39.385721, 77.501875, 0.153183, 
67, 42.469311, 90.909842, 51.422184, 93.406672, 0.154804, 
67, 61.631627, 85.966343, 72.106706, 88.498846, 0.097878, 
67, 61.631627, 85.966343, 72.106706, 88.498846, 0.133401, 
67, 92.457747, 43.424748, 67.471467, 98.385828, 0.384810, 
67, 118.868707, 105.347716, 132.233406, 107.140432, 0.191198, 
67, 71.675412, 53.851067, 145.213216, 57.362933, 0.408587, 
67, 108.588560, 79.841390, 145.213216, 57.362933, 0.461490, 
67, 43.628852, 96.741136, 54.019792, 99.629382, 0.150428, 
67, 29.125224, 74.547560, 39.385721, 77.501875, 0.119395, 
67, 47.394593, 76.290479, 62.256615, 78.808825, 0.115663, 
67, 118.743198, 105.279982, 132.233406, 107.140432, 0.186867, 
67, 43.538910, 44.938576, 52.017583, 47.783856, 0.191512, 
67, 51.038632, 76.556666, 62.256615, 78.808825, 0.059711, 
67, 51.038632, 76.556666, 62.256615, 78.808825, 0.027142, 
67, 28.621060, 57.982805, 26.888724, 59.505886, 0.086957, 
67, 38.040762, 77.454499, 48.291537, 79.946798, 0.021575, 
67, 51.311401, 58.985381, 63.260484, 61.185981, 0.100622, 
67, 51.311401, 58.985381, 63.260484, 61.185981, 0.110789, 
67, 37.420162, 77.658859, 48.291537, 79.946798, 0.030351, 
68, 7.098266, 110.437398, 79.547507, 110.812151, 0.241627, 
68, 43.035355, 86.987194, 53.244846, 89.421887, 0.190868, 
68, 132.808336, 68.357361, 70.039336, 54.635720, 0.239939, 
68, 33.732747, 35.501021, 21.273280, 97.704987, 0.439893, 
68, 59.712082, 93.483198, 71.186193, 96.554360, 0.147708, 
68, 116.072672, 80.100232, 127.573051, 81.581906, 0.119356, 
68, 36.160959, 81.547283, 45.344371, 84.436647, 0.196449, 
68, 29.217763, 74.044213, 39.337784, 77.197887, 0.172945, 
68, 61.640399, 85.930597, 72.290354, 88.182544, 0.090236, 
68, 61.640399, 85.930597, 72.290354, 88.182544, 0.161398, 
68, 92.505346, 44.859821, 67.608588, 98.545130, 0.461320, 
68, 60.566822, 52.745843, 70.039336, 54.635720, 0.109972, 
68, 61.675493, 70.093586, 71.070271, 71.709099, 0.142791, 
68, 18.230952, 57.779732, 27.143176, 59.339528, 0.030886, 
68, 50.998446, 76.698646, 61.921741, 78.886759, 0.052931, 
68, 50.998446, 76.698646, 61.921741, 78.886759, 0.023005, 
68, 28.681271, 57.904733, 27.143176, 59.339528, 0.099509, 
68, 38.339688, 77.431436, 47.629691, 79.819983, 0.013913, 
68, 50.826213, 59.152948, 63.069607, 61.298644, 0.078241, 
68, 50.826213, 59.152948, 63.069607, 61.298644, 0.085950, 
68, 37.982614, 77.599420, 47.629691, 79.819983, 0.013132, 
68, 51.170942, 59.234534, 63.069607, 61.298644, 0.094304, 
68, 51.170942, 59.234534, 63.069607, 61.298644, 0.099009, 
69, 7.098266, 110.437398, 79.793450, 110.905955, 0.251880, 
69, 33.728965, 35.483871, 21.168894, 97.715631, 0.439173, 
69, 59.716960, 93.487179, 71.297422, 96.636956, 0.152442, 
69, 100.288042, 75.304838, 89.807402, 85.378834, 0.302180, 
69, 103.367511, 48.343451, 89.807402, 85.378834, 0.256480, 
69, 111.945786, 112.029170, 88.428972, 109.903640, 0.218763, 
69, 146.478430, 80.815648, 65.326523, 37.212791, 0.357930, 
69, 29.217762, 74.044216, 39.462730, 76.788514, 0.118027, 
69, 61.640393, 85.930603, 72.306628, 87.960629, 0.105544, 
69, 61.640393, 85.930603, 72.306628, 87.960629, 0.175223, 
69, 43.948987, 96.684976, 55.037641, 99.681593, 0.102547, 
69, 60.566822, 52.745842, 69.907256, 54.528899, 0.090201, 
69, 61.675493, 70.093586, 71.323836, 71.787550, 0.120266, 
69, 50.998446, 76.698637, 61.814826, 78.828874, 0.042234, 
69, 50.998446, 76.698637, 47.471031, 79.772994, 0.140977, 
69, 38.339870, 77.431583, 47.471031, 79.772994, 0.015288, 
69, 50.892951, 59.117587, 62.884054, 61.349577, 0.086794, 
69, 50.892951, 59.117587, 62.884054, 61.349577, 0.092454, 
69, 122.295288, 38.534831, 151.805827, 20.748555, 0.558983, 
69, 37.977369, 77.601805, 47.471031, 79.772994, 0.013919, 
69, 50.858597, 59.224918, 62.884054, 61.349577, 0.098788, 
70, 17.594498, 69.380188, 27.562305, 71.789082, 0.147406, 
70, 26.960663, 89.284759, 36.643339, 91.471838, 0.160940, 
70, 49.226286, 90.495113, 59.535149, 92.484402, 0.200517, 
70, 59.801067, 93.223209, 70.895000, 95.812402, 0.100787, 
70, 132.078794, 56.664874, 143.873336, 57.748643, 0.064674, 
70, 36.174499, 81.562099, 45.681315, 84.058796, 0.202812, 
70, 41.660156, 90.824226, 51.111199, 93.138915, 0.091501, 
70, 61.772425, 86.051917, 72.027525, 87.976340, 0.089700, 
70, 61.772425, 86.051917, 72.027525, 87.976340, 0.043467, 
70, 127.497843, 105.634826, 139.231858, 107.575632, 0.123726, 
70, 23.787215, 105.364073, 145.785028, 112.828872, 0.300579, 
70, 44.137083, 96.681271, 53.846215, 98.986432, 0.076294, 
70, 61.056595, 52.789773, 51.201243, 53.064415, 0.195474, 
70, 61.790373, 70.099411, 71.603337, 71.473544, 0.109317, 
70, 41.976788, 90.926903, 51.111199, 93.138915, 0.122265, 
70, 118.966382, 105.093407, 132.200225, 106.677477, 0.169062, 
70, 51.155747, 76.534552, 63.038429, 78.382202, 0.031649, 
70, 51.155747, 76.534552, 63.038429, 78.382202, 0.044281, 
70, 28.877818, 57.907348, 27.661245, 58.827969, 0.091458, 
70, 37.803150, 77.542359, 48.021646, 79.780656, 0.031329, 
70, 51.393945, 59.123557, 61.638135, 60.675075, 0.211623, 
70, 51.393945, 59.123557, 61.638135, 60.675075, 0.233684, 
71, 17.632512, 69.428952, 27.728932, 71.743654, 0.164590, 
71, 27.104208, 89.234825, 36.846587, 91.491909, 0.168043, 
71, 57.473720, 18.192657, 67.394009, 19.307358, 0.291726, 
71, 59.805243, 93.230971, 70.883977, 95.722561, 0.085879, 
71, 116.677640, 79.803626, 128.142614, 81.052061, 0.111985, 
71, 132.078185, 56.664812, 144.156699, 58.037460, 0.138618, 
71, 42.321075, 90.956974, 51.408954, 93.108300, 0.132849, 
71, 61.749539, 86.114472, 72.025703, 87.977105, 0.049962, 
71, 61.749539, 86.114472, 72.025703, 87.977105, 0.059788, 
71, 114.978155, 67.065410, 126.671432, 68.264997, 0.142506, 
71, 127.497843, 105.634826, 139.408739, 107.521098, 0.108589, 
71, 44.246046, 96.694042, 53.900681, 98.999983, 0.079298, 
71, 61.058554, 52.794600, 51.437230, 53.052845, 0.194563, 
71, 61.898839, 70.018078, 71.887149, 71.340197, 0.153848, 
71, 29.079760, 75.468171, 63.300602, 78.537839, 0.111921, 
71, 51.191231, 76.548034, 63.300602, 78.537839, 0.019593, 
71, 51.191231, 76.548034, 63.300602, 78.537839, 0.029184, 
71, 28.988569, 57.981396, 28.260368, 58.734362, 0.109480, 
72, 28.188659, 69.076551, 37.432430, 70.397513, 0.189536, 
72, 93.943496, 79.715550, 64.136946, 75.265974, 0.293737, 
72, 100.078716, 107.544014, 121.095796, 31.011722, 0.418746, 
72, 27.017366, 89.518155, 36.703346, 90.911825, 0.076020, 
72, 60.025712, 93.497823, 70.639909, 94.816714, 0.110774, 
72, 61.202116, 53.055269, 70.419717, 53.735605, 0.139492, 
72, 132.511241, 56.517086, 144.259304, 57.148252, 0.066728, 
72, 138.650345, 85.357661, 93.944905, 99.605932, 0.293554, 
72, 87.731041, 57.789547, 16.874716, 100.579896, 0.358132, 
72, 42.236380, 90.875713, 51.134863, 93.027484, 0.128036, 
72, 43.478934, 96.721485, 53.597642, 98.753994, 0.150817, 
72, 29.210137, 74.842315, 63.100127, 78.478423, 0.163023, 
72, 61.901430, 85.987024, 144.600883, 28.217412, 0.185012, 
72, 18.207983, 57.452434, 39.492334, 59.545807, 0.105477, 
72, 42.071755, 46.003869, 52.527835, 46.200234, 0.063551, 
72, 51.421796, 76.538453, 63.100127, 78.478423, 0.026850, 
72, 51.421796, 76.538453, 63.100127, 78.478423, 0.030230, 
72, 29.084976, 58.014835, 39.492334, 59.545807, 0.043639, 
72, 51.379083, 59.223593, 63.081294, 59.925696, 0.264296, 
72, 51.379083, 59.223593, 63.081294, 59.925696, 0.308673, 
73, 28.269369, 68.985213, 37.432430, 70.397513, 0.200218, 
73, 100.020695, 107.550753, 121.095796, 31.011722, 0.418705, 
73, 27.017360, 89.518177, 36.703346, 90.911825, 0.074918, 
73, 60.025712, 93.497823, 70.639909, 94.816714, 0.110774, 
73, 61.202117, 53.055269, 70.419717, 53.735605, 0.137566, 
73, 132.511241, 56.517086, 144.259318, 57.148253, 0.079272, 
73, 138.650343, 85.357662, 93.944905, 99.605932, 0.291967, 
73, 60.911850, 74.630799, 73.268743, 76.572565, 0.193888, 
73, 42.236380, 90.875712, 51.134863, 93.027484, 0.128238, 
73, 35.969913, 50.868196, 44.460734, 51.772755, 0.137353, 
73, 43.478934, 96.721486, 53.597642, 98.753994, 0.150925, 
73, 61.901826, 85.986039, 144.600883, 28.217412, 0.187173, 
73, 51.387256, 76.540612, 63.100127, 78.478423, 0.027815, 
73, 51.387256, 76.540612, 63.100127, 78.478423, 0.030708, 
73, 29.365184, 58.057638, 39.492334, 59.545807, 0.039747, 
73, 50.922246, 59.233785, 63.081294, 59.925696, 0.220707, 
73, 50.922246, 59.233785, 63.081294, 59.925696, 0.246687, 
74, 100.136926, 107.428147, 121.095740, 31.011731, 0.451317, 
74, 110.603780, 48.261982, 149.843276, 49.504506, 0.462394, 
74, 27.314038, 51.867055, 35.806714, 52.741951, 0.170896, 
74, 60.031257, 93.478665, 70.839104, 95.023899, 0.149820, 
74, 61.155471, 52.989841, 70.306647, 53.757587, 0.140238, 
74, 132.738725, 56.432647, 144.245027, 56.938943, 0.095879, 
74, 98.620244, 28.052965, 90.070995, 84.502767, 0.211576, 
74, 44.142483, 82.972902, 53.015239, 83.131660, 0.180430, 
74, 53.348188, 74.108830, 64.346337, 75.635320, 0.129278, 
74, 42.298242, 90.892519, 51.131544, 92.713876, 0.108982, 
74, 61.740952, 86.173338, 72.677132, 87.008477, 0.129401, 
74, 127.526301, 105.721285, 139.123028, 107.166886, 0.157408, 
74, 43.142450, 96.900274, 54.014525, 98.519245, 0.088724, 
74, 38.372022, 38.911523, 36.300550, 37.129750, 0.168054, 
74, 51.436374, 76.417075, 62.985428, 78.275568, 0.049006, 
74, 51.436374, 76.417075, 62.985428, 78.275568, 0.038871, 
74, 30.233368, 58.108038, 63.153111, 59.432969, 0.118651, 
74, 30.233368, 58.108038, 39.382053, 59.504382, 0.056707, 
